4.492595218401670110e+01 -1.907814407814407787e+01 -2.584780810587262323e+01 0.000000000000000000e+00 8.985190436803341285e+00 -3.815628815628815840e+00 -5.169561621174525001e+00 0.000000000000000000e+00 0.000000000000000000e+00
-1.907814407814407787e+01 4.492595218401670110e+01 0.000000000000000000e+00 -2.584780810587262323e+01 -3.815628815628815840e+00 8.985190436803341285e+00 0.000000000000000000e+00 -5.169561621174525001e+00 0.000000000000000000e+00
-8.985190436803341285e+00 3.815628815628815840e+00 5.169561621174525001e+00 0.000000000000000000e+00 4.474595218401670138e+01 -1.907814407814407787e+01 -2.584780810587262323e+01 0.000000000000000000e+00 0.000000000000000000e+00
3.815628815628815840e+00 -8.985190436803341285e+00 0.000000000000000000e+00 5.169561621174525001e+00 -1.907814407814407787e+01 4.434595218401670280e+01 0.000000000000000000e+00 -2.584780810587262323e+01 -1.000000000000000000e+00
1.907814407814407787e+01 -1.907814407814407787e+01 0.000000000000000000e+00 0.000000000000000000e+00 3.815628815628815840e+00 -3.815628815628815840e+00 0.000000000000000000e+00 0.000000000000000000e+00 0.000000000000000000e+00
-3.815628815628815840e+00 3.815628815628815840e+00 0.000000000000000000e+00 0.000000000000000000e+00 1.897564407814407872e+01 -1.907814407814407787e+01 0.000000000000000000e+00 0.000000000000000000e+00 0.000000000000000000e+00
0.000000000000000000e+00 2.584780810587262323e+01 0.000000000000000000e+00 -2.584780810587262323e+01 0.000000000000000000e+00 5.169561621174525001e+00 0.000000000000000000e+00 -5.169561621174525001e+00 0.000000000000000000e+00
0.000000000000000000e+00 -5.169561621174525001e+00 0.000000000000000000e+00 5.169561621174525001e+00 0.000000000000000000e+00 2.577030810587262266e+01 0.000000000000000000e+00 -2.584780810587262323e+01 0.000000000000000000e+00
-1.907814407814407787e+01 1.907814407814407787e+01 0.000000000000000000e+00 0.000000000000000000e+00 -3.815628815628815840e+00 3.815628815628815840e+00 0.000000000000000000e+00 0.000000000000000000e+00 0.000000000000000000e+00
3.815628815628815840e+00 -3.815628815628815840e+00 0.000000000000000000e+00 0.000000000000000000e+00 -1.907814407814407787e+01 1.897564407814407872e+01 0.000000000000000000e+00 0.000000000000000000e+00 0.000000000000000000e+00
0.000000000000000000e+00 0.000000000000000000e+00 1.511852926947266340e+01 -1.511852926947266340e+01 0.000000000000000000e+00 0.000000000000000000e+00 3.023705853894532503e+00 -3.023705853894532503e+00 0.000000000000000000e+00
0.000000000000000000e+00 0.000000000000000000e+00 -3.023705853894532503e+00 3.023705853894532503e+00 0.000000000000000000e+00 0.000000000000000000e+00 1.499102926947266212e+01 -1.511852926947266340e+01 0.000000000000000000e+00
0.000000000000000000e+00 0.000000000000000000e+00 0.000000000000000000e+00 0.000000000000000000e+00 1.000000000000000000e+00 0.000000000000000000e+00 0.000000000000000000e+00 0.000000000000000000e+00 0.000000000000000000e+00
0.000000000000000000e+00 0.000000000000000000e+00 0.000000000000000000e+00 0.000000000000000000e+00 0.000000000000000000e+00 1.000000000000000000e+00 0.000000000000000000e+00 0.000000000000000000e+00 0.000000000000000000e+00
1.000000000000000000e+00 0.000000000000000000e+00 0.000000000000000000e+00 0.000000000000000000e+00 0.000000000000000000e+00 0.000000000000000000e+00 0.000000000000000000e+00 0.000000000000000000e+00 0.000000000000000000e+00
