1.830000000000000238e-01
-9.420000000000000595e-01
-4.779999999999999805e-01
-7.599999999999999811e-02
-1.119999999999999885e-01
0.000000000000000000e+00
0.000000000000000000e+00
-2.949999999999999845e-01
-8.999999999999999667e-02
-3.500000000000000333e-02
-6.099999999999999867e-02
-1.350000000000000089e-01
-1.489999999999999936e-01
0.000000000000000000e+00
0.000000000000000000e+00
4.399999999999998357e-02
3.899999999999999994e-02
-1.600000000000000033e-02
4.700000000000000011e-02
0.000000000000000000e+00
-1.660000000000000087e-01
-5.799999999999999600e-02
-1.800000000000000211e-02
-1.600000000000000033e-02
-5.799999999999999600e-02
-5.000000000000000278e-02
0.000000000000000000e+00
0.000000000000000000e+00
8.788799999999999946e-01
-7.789999999999999702e-02
-2.500000000000000139e-02
