,n,convMAP_SCADA,convMAP_PMU,convWLS,nitsMAP_SCADA,nitsMAP_PMU,nitsWLS,caso
0,0,1,1,1,7,3,6,0
1,0,1,1,1,7,3,6,1
2,0,1,1,1,7,3,6,2
3,0,1,1,1,7,3,6,3
4,0,1,1,1,7,3,6,4
5,0,1,1,1,7,3,6,5
6,0,1,1,1,7,3,6,6
7,0,1,1,1,7,3,6,7
8,0,1,1,1,7,3,6,8
9,0,1,1,1,7,3,6,9
10,0,1,1,1,7,3,6,10
11,0,1,1,1,7,3,6,11
12,0,1,1,1,7,3,6,12
13,0,1,1,1,7,3,6,13
14,0,1,1,1,7,3,6,14
15,0,1,1,1,7,3,6,15
16,0,1,1,1,7,3,6,16
17,0,1,1,1,7,3,6,17
18,0,1,1,1,7,3,6,18
19,0,1,1,1,7,3,6,19
20,0,1,1,1,6,3,6,20
21,0,1,1,1,6,3,6,21
22,0,1,1,1,6,3,6,22
23,0,1,1,1,6,3,6,23
24,0,1,1,1,6,3,6,24
25,0,1,1,1,6,4,6,25
26,0,1,1,1,6,4,6,26
27,0,1,1,1,6,4,6,27
28,0,1,1,1,6,4,6,28
29,0,1,1,1,6,4,6,29
30,0,1,1,1,6,4,6,30
31,0,1,1,1,6,4,6,31
32,0,1,1,1,6,4,6,32
33,0,1,1,1,6,4,6,33
34,0,1,1,1,6,4,6,34
35,0,1,1,1,6,4,6,35
36,0,1,1,1,6,4,6,36
37,0,1,1,1,6,4,6,37
38,0,1,1,1,6,4,6,38
39,0,1,1,1,6,4,6,39
40,0,1,1,1,6,3,6,40
41,0,1,1,1,6,3,6,41
42,0,1,1,1,6,3,6,42
43,0,1,1,1,6,3,6,43
44,0,1,1,1,6,3,6,44
45,0,1,1,1,6,3,6,45
46,0,1,1,1,6,3,6,46
47,0,1,1,1,6,3,6,47
48,0,1,1,1,6,3,6,48
49,0,1,1,1,6,3,6,49
50,0,1,1,1,6,3,6,50
51,0,1,1,1,6,3,6,51
52,0,1,1,1,6,3,6,52
53,0,1,1,1,6,3,6,53
54,0,1,1,1,6,3,6,54
55,0,1,1,1,6,3,6,55
56,0,1,1,1,6,3,6,56
57,0,1,1,1,6,3,6,57
58,0,1,1,1,6,3,6,58
59,0,1,1,1,6,3,6,59
60,0,1,1,1,7,3,6,60
61,0,1,1,1,7,3,6,61
62,0,1,1,1,7,3,6,62
63,0,1,1,1,7,3,6,63
64,0,1,1,1,7,3,6,64
65,0,1,1,1,7,4,6,65
66,0,1,1,1,7,4,6,66
67,0,1,1,1,7,4,6,67
68,0,1,1,1,7,4,6,68
69,0,1,1,1,7,4,6,69
70,0,1,1,1,7,4,6,70
71,0,1,1,1,7,4,6,71
72,0,1,1,1,7,4,6,72
73,0,1,1,1,7,4,6,73
74,0,1,1,1,7,4,6,74
75,0,1,1,1,7,4,6,75
76,0,1,1,1,7,4,6,76
77,0,1,1,1,7,4,6,77
78,0,1,1,1,7,4,6,78
79,0,1,1,1,7,4,6,79
80,1,1,1,1,6,3,6,0
81,1,1,1,1,6,3,6,1
82,1,1,1,1,6,3,6,2
83,1,1,1,1,6,3,6,3
84,1,1,1,1,6,3,6,4
85,1,1,1,1,6,3,6,5
86,1,1,1,1,6,3,6,6
87,1,1,1,1,6,3,6,7
88,1,1,1,1,6,3,6,8
89,1,1,1,1,6,3,6,9
90,1,1,1,1,6,3,6,10
91,1,1,1,1,6,3,6,11
92,1,1,1,1,6,3,6,12
93,1,1,1,1,6,3,6,13
94,1,1,1,1,6,3,6,14
95,1,1,1,1,6,3,6,15
96,1,1,1,1,6,3,6,16
97,1,1,1,1,6,3,6,17
98,1,1,1,1,6,4,6,18
99,1,1,1,1,6,4,6,19
100,1,1,1,1,6,3,6,20
101,1,1,1,1,6,3,6,21
102,1,1,1,1,6,3,6,22
103,1,1,1,1,6,3,6,23
104,1,1,1,1,6,3,6,24
105,1,1,1,1,6,4,6,25
106,1,1,1,1,6,4,6,26
107,1,1,1,1,6,4,6,27
108,1,1,1,1,6,4,6,28
109,1,1,1,1,6,4,6,29
110,1,1,1,1,6,4,6,30
111,1,1,1,1,6,4,6,31
112,1,1,1,1,6,4,6,32
113,1,1,1,1,6,4,6,33
114,1,1,1,1,6,4,6,34
115,1,1,1,1,6,4,6,35
116,1,1,1,1,6,4,6,36
117,1,1,1,1,6,4,6,37
118,1,1,1,1,6,4,6,38
119,1,1,1,1,6,4,6,39
120,1,1,1,1,6,3,6,40
121,1,1,1,1,6,3,6,41
122,1,1,1,1,6,3,6,42
123,1,1,1,1,6,3,6,43
124,1,1,1,1,6,3,6,44
125,1,1,1,1,6,3,6,45
126,1,1,1,1,6,3,6,46
127,1,1,1,1,6,3,6,47
128,1,1,1,1,6,3,6,48
129,1,1,1,1,6,3,6,49
130,1,1,1,1,6,3,6,50
131,1,1,1,1,6,3,6,51
132,1,1,1,1,6,3,6,52
133,1,1,1,1,6,3,6,53
134,1,1,1,1,6,4,6,54
135,1,1,1,1,6,3,6,55
136,1,1,1,1,6,4,6,56
137,1,1,1,1,6,4,6,57
138,1,1,1,1,6,3,6,58
139,1,1,1,1,6,3,6,59
140,1,1,1,1,7,3,6,60
141,1,1,1,1,7,3,6,61
142,1,1,1,1,7,3,6,62
143,1,1,1,1,7,3,6,63
144,1,1,1,1,7,3,6,64
145,1,1,1,1,7,3,6,65
146,1,1,1,1,7,4,6,66
147,1,1,1,1,7,4,6,67
148,1,1,1,1,7,4,6,68
149,1,1,1,1,7,4,6,69
150,1,1,1,1,7,4,6,70
151,1,1,1,1,7,4,6,71
152,1,1,1,1,7,4,6,72
153,1,1,1,1,7,4,6,73
154,1,1,1,1,7,4,6,74
155,1,1,1,1,7,4,6,75
156,1,1,1,1,7,4,6,76
157,1,1,1,1,7,4,6,77
158,1,1,1,1,7,4,6,78
159,1,1,1,1,7,4,6,79
160,2,1,1,1,6,3,6,0
161,2,1,1,1,6,3,6,1
162,2,1,1,1,6,3,6,2
163,2,1,1,1,6,3,6,3
164,2,1,1,1,6,3,6,4
165,2,1,1,1,6,3,6,5
166,2,1,1,1,6,3,6,6
167,2,1,1,1,6,3,6,7
168,2,1,1,1,6,3,6,8
169,2,1,1,1,6,3,6,9
170,2,1,1,1,6,3,6,10
171,2,1,1,1,6,3,6,11
172,2,1,1,1,6,3,6,12
173,2,1,1,1,6,3,6,13
174,2,1,1,1,6,3,6,14
175,2,1,1,1,6,3,6,15
176,2,1,1,1,6,3,6,16
177,2,1,1,1,6,3,6,17
178,2,1,1,1,6,4,6,18
179,2,1,1,1,6,4,6,19
180,2,1,1,1,6,3,6,20
181,2,1,1,1,6,3,6,21
182,2,1,1,1,6,3,6,22
183,2,1,1,1,6,3,6,23
184,2,1,1,1,6,3,6,24
185,2,1,1,1,6,4,6,25
186,2,1,1,1,6,4,6,26
187,2,1,1,1,6,4,6,27
188,2,1,1,1,6,4,6,28
189,2,1,1,1,6,4,6,29
190,2,1,1,1,6,4,6,30
191,2,1,1,1,6,4,6,31
192,2,1,1,1,6,4,6,32
193,2,1,1,1,6,4,6,33
194,2,1,1,1,6,4,6,34
195,2,1,1,1,6,4,6,35
196,2,1,1,1,6,4,6,36
197,2,1,1,1,6,4,6,37
198,2,1,1,1,6,4,6,38
199,2,1,1,1,6,4,6,39
200,2,1,1,1,6,3,6,40
201,2,1,1,1,6,3,6,41
202,2,1,1,1,6,3,6,42
203,2,1,1,1,6,3,6,43
204,2,1,1,1,6,3,6,44
205,2,1,1,1,6,3,6,45
206,2,1,1,1,6,3,6,46
207,2,1,1,1,6,3,6,47
208,2,1,1,1,6,3,6,48
209,2,1,1,1,6,3,6,49
210,2,1,1,1,6,3,6,50
211,2,1,1,1,6,3,6,51
212,2,1,1,1,6,3,6,52
213,2,1,1,1,6,3,6,53
214,2,1,1,1,6,3,6,54
215,2,1,1,1,6,3,6,55
216,2,1,1,1,6,3,6,56
217,2,1,1,1,6,4,6,57
218,2,1,1,1,6,3,6,58
219,2,1,1,1,6,3,6,59
220,2,1,1,1,7,3,6,60
221,2,1,1,1,7,3,6,61
222,2,1,1,1,7,3,6,62
223,2,1,1,1,7,3,6,63
224,2,1,1,1,7,3,6,64
225,2,1,1,1,7,3,6,65
226,2,1,1,1,7,4,6,66
227,2,1,1,1,7,4,6,67
228,2,1,1,1,7,4,6,68
229,2,1,1,1,7,4,6,69
230,2,1,1,1,7,4,6,70
231,2,1,1,1,7,4,6,71
232,2,1,1,1,7,4,6,72
233,2,1,1,1,7,4,6,73
234,2,1,1,1,7,4,6,74
235,2,1,1,1,7,4,6,75
236,2,1,1,1,7,4,6,76
237,2,1,1,1,7,4,6,77
238,2,1,1,1,7,4,6,78
239,2,1,1,1,7,4,6,79
240,3,1,1,1,6,3,6,0
241,3,1,1,1,6,3,6,1
242,3,1,1,1,6,3,6,2
243,3,1,1,1,6,3,6,3
244,3,1,1,1,6,3,6,4
245,3,1,1,1,6,3,6,5
246,3,1,1,1,6,3,6,6
247,3,1,1,1,6,3,6,7
248,3,1,1,1,6,3,6,8
249,3,1,1,1,6,3,6,9
250,3,1,1,1,6,3,6,10
251,3,1,1,1,6,3,6,11
252,3,1,1,1,6,3,6,12
253,3,1,1,1,6,3,6,13
254,3,1,1,1,6,3,6,14
255,3,1,1,1,6,3,6,15
256,3,1,1,1,6,3,6,16
257,3,1,1,1,6,3,6,17
258,3,1,1,1,6,3,6,18
259,3,1,1,1,6,3,6,19
260,3,1,1,1,6,3,6,20
261,3,1,1,1,6,3,6,21
262,3,1,1,1,6,3,6,22
263,3,1,1,1,6,3,6,23
264,3,1,1,1,6,3,6,24
265,3,1,1,1,6,4,6,25
266,3,1,1,1,6,4,6,26
267,3,1,1,1,6,4,6,27
268,3,1,1,1,6,4,6,28
269,3,1,1,1,6,4,6,29
270,3,1,1,1,6,4,6,30
271,3,1,1,1,6,4,6,31
272,3,1,1,1,6,4,6,32
273,3,1,1,1,6,4,6,33
274,3,1,1,1,6,4,6,34
275,3,1,1,1,6,4,6,35
276,3,1,1,1,6,4,6,36
277,3,1,1,1,6,4,6,37
278,3,1,1,1,6,4,6,38
279,3,1,1,1,6,4,6,39
280,3,1,1,1,7,3,6,40
281,3,1,1,1,7,3,6,41
282,3,1,1,1,7,3,6,42
283,3,1,1,1,7,3,6,43
284,3,1,1,1,7,3,6,44
285,3,1,1,1,7,3,6,45
286,3,1,1,1,7,3,6,46
287,3,1,1,1,7,3,6,47
288,3,1,1,1,7,3,6,48
289,3,1,1,1,7,3,6,49
290,3,1,1,1,7,3,6,50
291,3,1,1,1,7,3,6,51
292,3,1,1,1,7,3,6,52
293,3,1,1,1,7,3,6,53
294,3,1,1,1,7,3,6,54
295,3,1,1,1,7,3,6,55
296,3,1,1,1,7,3,6,56
297,3,1,1,1,7,3,6,57
298,3,1,1,1,7,3,6,58
299,3,1,1,1,7,3,6,59
300,3,1,1,1,7,3,6,60
301,3,1,1,1,7,3,6,61
302,3,1,1,1,7,3,6,62
303,3,1,1,1,7,3,6,63
304,3,1,1,1,7,3,6,64
305,3,1,1,1,7,3,6,65
306,3,1,1,1,7,4,6,66
307,3,1,1,1,7,4,6,67
308,3,1,1,1,7,4,6,68
309,3,1,1,1,7,4,6,69
310,3,1,1,1,7,4,6,70
311,3,1,1,1,7,4,6,71
312,3,1,1,1,7,4,6,72
313,3,1,1,1,7,4,6,73
314,3,1,1,1,7,4,6,74
315,3,1,1,1,7,4,6,75
316,3,1,1,1,7,4,6,76
317,3,1,1,1,7,4,6,77
318,3,1,1,1,7,4,6,78
319,3,1,1,1,7,4,6,79
320,4,1,1,1,6,3,6,0
321,4,1,1,1,6,3,6,1
322,4,1,1,1,6,3,6,2
323,4,1,1,1,6,3,6,3
324,4,1,1,1,6,3,6,4
325,4,1,1,1,6,3,6,5
326,4,1,1,1,6,3,6,6
327,4,1,1,1,6,3,6,7
328,4,1,1,1,6,3,6,8
329,4,1,1,1,6,3,6,9
330,4,1,1,1,6,3,6,10
331,4,1,1,1,6,3,6,11
332,4,1,1,1,6,3,6,12
333,4,1,1,1,6,3,6,13
334,4,1,1,1,6,3,6,14
335,4,1,1,1,6,3,6,15
336,4,1,1,1,6,3,6,16
337,4,1,1,1,6,3,6,17
338,4,1,1,1,6,3,6,18
339,4,1,1,1,6,3,6,19
340,4,1,1,1,6,3,6,20
341,4,1,1,1,6,3,6,21
342,4,1,1,1,6,3,6,22
343,4,1,1,1,6,3,6,23
344,4,1,1,1,6,3,6,24
345,4,1,1,1,6,4,6,25
346,4,1,1,1,6,4,6,26
347,4,1,1,1,6,4,6,27
348,4,1,1,1,6,4,6,28
349,4,1,1,1,6,4,6,29
350,4,1,1,1,6,4,6,30
351,4,1,1,1,6,4,6,31
352,4,1,1,1,6,4,6,32
353,4,1,1,1,6,4,6,33
354,4,1,1,1,6,4,6,34
355,4,1,1,1,6,4,6,35
356,4,1,1,1,6,4,6,36
357,4,1,1,1,6,4,6,37
358,4,1,1,1,6,4,6,38
359,4,1,1,1,6,4,6,39
360,4,1,1,1,6,3,6,40
361,4,1,1,1,6,3,6,41
362,4,1,1,1,6,3,6,42
363,4,1,1,1,6,3,6,43
364,4,1,1,1,6,3,6,44
365,4,1,1,1,6,3,6,45
366,4,1,1,1,6,3,6,46
367,4,1,1,1,6,3,6,47
368,4,1,1,1,6,3,6,48
369,4,1,1,1,6,3,6,49
370,4,1,1,1,6,3,6,50
371,4,1,1,1,6,3,6,51
372,4,1,1,1,6,3,6,52
373,4,1,1,1,6,3,6,53
374,4,1,1,1,6,3,6,54
375,4,1,1,1,6,3,6,55
376,4,1,1,1,6,3,6,56
377,4,1,1,1,6,3,6,57
378,4,1,1,1,6,3,6,58
379,4,1,1,1,6,3,6,59
380,4,1,1,1,7,3,6,60
381,4,1,1,1,7,3,6,61
382,4,1,1,1,7,3,6,62
383,4,1,1,1,7,3,6,63
384,4,1,1,1,7,3,6,64
385,4,1,1,1,7,3,6,65
386,4,1,1,1,7,4,6,66
387,4,1,1,1,7,4,6,67
388,4,1,1,1,7,4,6,68
389,4,1,1,1,7,4,6,69
390,4,1,1,1,7,4,6,70
391,4,1,1,1,7,4,6,71
392,4,1,1,1,7,4,6,72
393,4,1,1,1,7,4,6,73
394,4,1,1,1,7,4,6,74
395,4,1,1,1,7,4,6,75
396,4,1,1,1,7,4,6,76
397,4,1,1,1,7,4,6,77
398,4,1,1,1,7,4,6,78
399,4,1,1,1,7,4,6,79
400,5,1,1,1,7,3,6,0
401,5,1,1,1,7,3,6,1
402,5,1,1,1,7,3,6,2
403,5,1,1,1,7,3,6,3
404,5,1,1,1,7,3,6,4
405,5,1,1,1,7,3,6,5
406,5,1,1,1,7,3,6,6
407,5,1,1,1,7,3,6,7
408,5,1,1,1,7,3,6,8
409,5,1,1,1,7,3,6,9
410,5,1,1,1,7,3,6,10
411,5,1,1,1,7,3,6,11
412,5,1,1,1,7,3,6,12
413,5,1,1,1,7,3,6,13
414,5,1,1,1,7,3,6,14
415,5,1,1,1,7,3,6,15
416,5,1,1,1,7,3,6,16
417,5,1,1,1,7,3,6,17
418,5,1,1,1,7,3,6,18
419,5,1,1,1,7,3,6,19
420,5,1,1,1,6,3,6,20
421,5,1,1,1,6,3,6,21
422,5,1,1,1,6,3,6,22
423,5,1,1,1,6,3,6,23
424,5,1,1,1,6,3,6,24
425,5,1,1,1,6,4,6,25
426,5,1,1,1,6,4,6,26
427,5,1,1,1,6,4,6,27
428,5,1,1,1,6,4,6,28
429,5,1,1,1,6,4,6,29
430,5,1,1,1,6,4,6,30
431,5,1,1,1,6,4,6,31
432,5,1,1,1,6,4,6,32
433,5,1,1,1,6,4,6,33
434,5,1,1,1,6,4,6,34
435,5,1,1,1,6,4,6,35
436,5,1,1,1,6,4,6,36
437,5,1,1,1,6,4,6,37
438,5,1,1,1,6,4,6,38
439,5,1,1,1,6,4,6,39
440,5,1,1,1,7,3,6,40
441,5,1,1,1,7,3,6,41
442,5,1,1,1,7,3,6,42
443,5,1,1,1,7,3,6,43
444,5,1,1,1,7,3,6,44
445,5,1,1,1,7,3,6,45
446,5,1,1,1,7,3,6,46
447,5,1,1,1,7,3,6,47
448,5,1,1,1,7,3,6,48
449,5,1,1,1,7,3,6,49
450,5,1,1,1,7,3,6,50
451,5,1,1,1,7,3,6,51
452,5,1,1,1,7,3,6,52
453,5,1,1,1,7,3,6,53
454,5,1,1,1,7,3,6,54
455,5,1,1,1,7,3,6,55
456,5,1,1,1,7,3,6,56
457,5,1,1,1,7,4,6,57
458,5,1,1,1,7,3,6,58
459,5,1,1,1,7,3,6,59
460,5,1,1,1,7,3,6,60
461,5,1,1,1,7,3,6,61
462,5,1,1,1,7,3,6,62
463,5,1,1,1,7,3,6,63
464,5,1,1,1,7,3,6,64
465,5,1,1,1,7,3,6,65
466,5,1,1,1,7,4,6,66
467,5,1,1,1,7,4,6,67
468,5,1,1,1,7,4,6,68
469,5,1,1,1,7,4,6,69
470,5,1,1,1,7,4,6,70
471,5,1,1,1,7,4,6,71
472,5,1,1,1,7,4,6,72
473,5,1,1,1,7,4,6,73
474,5,1,1,1,7,4,6,74
475,5,1,1,1,7,4,6,75
476,5,1,1,1,7,4,6,76
477,5,1,1,1,7,4,6,77
478,5,1,1,1,7,4,6,78
479,5,1,1,1,7,4,6,79
480,6,1,1,1,6,3,6,0
481,6,1,1,1,6,3,6,1
482,6,1,1,1,6,3,6,2
483,6,1,1,1,6,3,6,3
484,6,1,1,1,6,3,6,4
485,6,1,1,1,6,3,6,5
486,6,1,1,1,6,3,6,6
487,6,1,1,1,6,3,6,7
488,6,1,1,1,6,3,6,8
489,6,1,1,1,6,3,6,9
490,6,1,1,1,6,3,6,10
491,6,1,1,1,6,3,6,11
492,6,1,1,1,6,3,6,12
493,6,1,1,1,6,3,6,13
494,6,1,1,1,6,3,6,14
495,6,1,1,1,6,3,6,15
496,6,1,1,1,6,3,6,16
497,6,1,1,1,6,3,6,17
498,6,1,1,1,6,4,6,18
499,6,1,1,1,6,4,6,19
500,6,1,1,1,6,3,6,20
501,6,1,1,1,6,3,6,21
502,6,1,1,1,6,3,6,22
503,6,1,1,1,6,3,6,23
504,6,1,1,1,6,3,6,24
505,6,1,1,1,6,4,6,25
506,6,1,1,1,6,4,6,26
507,6,1,1,1,6,4,6,27
508,6,1,1,1,6,4,6,28
509,6,1,1,1,6,4,6,29
510,6,1,1,1,6,4,6,30
511,6,1,1,1,6,4,6,31
512,6,1,1,1,6,4,6,32
513,6,1,1,1,6,4,6,33
514,6,1,1,1,6,4,6,34
515,6,1,1,1,6,4,6,35
516,6,1,1,1,6,4,6,36
517,6,1,1,1,6,4,6,37
518,6,1,1,1,6,4,6,38
519,6,1,1,1,6,4,6,39
520,6,1,1,1,7,3,6,40
521,6,1,1,1,7,3,6,41
522,6,1,1,1,7,3,6,42
523,6,1,1,1,7,3,6,43
524,6,1,1,1,7,3,6,44
525,6,1,1,1,7,3,6,45
526,6,1,1,1,7,3,6,46
527,6,1,1,1,7,3,6,47
528,6,1,1,1,7,3,6,48
529,6,1,1,1,7,3,6,49
530,6,1,1,1,7,3,6,50
531,6,1,1,1,7,3,6,51
532,6,1,1,1,7,3,6,52
533,6,1,1,1,7,3,6,53
534,6,1,1,1,7,4,6,54
535,6,1,1,1,7,3,6,55
536,6,1,1,1,7,4,6,56
537,6,1,1,1,7,4,6,57
538,6,1,1,1,7,3,6,58
539,6,1,1,1,7,3,6,59
540,6,1,1,1,7,3,6,60
541,6,1,1,1,7,3,6,61
542,6,1,1,1,7,3,6,62
543,6,1,1,1,7,3,6,63
544,6,1,1,1,7,3,6,64
545,6,1,1,1,7,3,6,65
546,6,1,1,1,7,4,6,66
547,6,1,1,1,7,4,6,67
548,6,1,1,1,7,4,6,68
549,6,1,1,1,7,4,6,69
550,6,1,1,1,7,4,6,70
551,6,1,1,1,7,4,6,71
552,6,1,1,1,7,4,6,72
553,6,1,1,1,7,4,6,73
554,6,1,1,1,7,4,6,74
555,6,1,1,1,7,4,6,75
556,6,1,1,1,7,4,6,76
557,6,1,1,1,7,4,6,77
558,6,1,1,1,7,4,6,78
559,6,1,1,1,7,4,6,79
560,7,1,1,1,7,3,6,0
561,7,1,1,1,7,3,6,1
562,7,1,1,1,7,3,6,2
563,7,1,1,1,7,3,6,3
564,7,1,1,1,7,3,6,4
565,7,1,1,1,7,3,6,5
566,7,1,1,1,7,3,6,6
567,7,1,1,1,7,3,6,7
568,7,1,1,1,7,3,6,8
569,7,1,1,1,7,3,6,9
570,7,1,1,1,7,3,6,10
571,7,1,1,1,7,3,6,11
572,7,1,1,1,7,3,6,12
573,7,1,1,1,7,3,6,13
574,7,1,1,1,7,3,6,14
575,7,1,1,1,7,3,6,15
576,7,1,1,1,7,3,6,16
577,7,1,1,1,7,3,6,17
578,7,1,1,1,7,3,6,18
579,7,1,1,1,7,3,6,19
580,7,1,1,1,6,3,6,20
581,7,1,1,1,6,3,6,21
582,7,1,1,1,6,3,6,22
583,7,1,1,1,6,3,6,23
584,7,1,1,1,6,3,6,24
585,7,1,1,1,6,4,6,25
586,7,1,1,1,6,4,6,26
587,7,1,1,1,6,4,6,27
588,7,1,1,1,6,4,6,28
589,7,1,1,1,6,4,6,29
590,7,1,1,1,6,4,6,30
591,7,1,1,1,6,4,6,31
592,7,1,1,1,6,4,6,32
593,7,1,1,1,6,4,6,33
594,7,1,1,1,6,4,6,34
595,7,1,1,1,6,4,6,35
596,7,1,1,1,6,4,6,36
597,7,1,1,1,6,4,6,37
598,7,1,1,1,6,4,6,38
599,7,1,1,1,6,4,6,39
600,7,1,1,1,7,3,6,40
601,7,1,1,1,7,3,6,41
602,7,1,1,1,7,3,6,42
603,7,1,1,1,7,3,6,43
604,7,1,1,1,7,3,6,44
605,7,1,1,1,7,3,6,45
606,7,1,1,1,7,3,6,46
607,7,1,1,1,7,3,6,47
608,7,1,1,1,7,3,6,48
609,7,1,1,1,7,3,6,49
610,7,1,1,1,7,3,6,50
611,7,1,1,1,7,3,6,51
612,7,1,1,1,7,3,6,52
613,7,1,1,1,7,3,6,53
614,7,1,1,1,7,4,6,54
615,7,1,1,1,7,3,6,55
616,7,1,1,1,7,4,6,56
617,7,1,1,1,7,4,6,57
618,7,1,1,1,7,3,6,58
619,7,1,1,1,7,4,6,59
620,7,1,1,1,7,3,6,60
621,7,1,1,1,7,3,6,61
622,7,1,1,1,7,3,6,62
623,7,1,1,1,7,3,6,63
624,7,1,1,1,7,4,6,64
625,7,1,1,1,7,4,6,65
626,7,1,1,1,7,4,6,66
627,7,1,1,1,7,4,6,67
628,7,1,1,1,7,4,6,68
629,7,1,1,1,7,4,6,69
630,7,1,1,1,7,4,6,70
631,7,1,1,1,7,4,6,71
632,7,1,1,1,7,4,6,72
633,7,1,1,1,7,4,6,73
634,7,1,1,1,7,4,6,74
635,7,1,1,1,7,4,6,75
636,7,1,1,1,7,4,6,76
637,7,1,1,1,7,4,6,77
638,7,1,1,1,7,4,6,78
639,7,1,1,1,7,4,6,79
640,8,1,1,1,6,3,6,0
641,8,1,1,1,6,3,6,1
642,8,1,1,1,6,3,6,2
643,8,1,1,1,6,3,6,3
644,8,1,1,1,6,3,6,4
645,8,1,1,1,6,3,6,5
646,8,1,1,1,6,3,6,6
647,8,1,1,1,6,3,6,7
648,8,1,1,1,6,3,6,8
649,8,1,1,1,6,3,6,9
650,8,1,1,1,6,3,6,10
651,8,1,1,1,6,3,6,11
652,8,1,1,1,6,3,6,12
653,8,1,1,1,6,3,6,13
654,8,1,1,1,6,3,6,14
655,8,1,1,1,6,3,6,15
656,8,1,1,1,6,3,6,16
657,8,1,1,1,6,3,6,17
658,8,1,1,1,6,3,6,18
659,8,1,1,1,6,3,6,19
660,8,1,1,1,6,3,6,20
661,8,1,1,1,6,3,6,21
662,8,1,1,1,6,3,6,22
663,8,1,1,1,6,3,6,23
664,8,1,1,1,6,3,6,24
665,8,1,1,1,6,4,6,25
666,8,1,1,1,6,4,6,26
667,8,1,1,1,6,4,6,27
668,8,1,1,1,6,4,6,28
669,8,1,1,1,6,4,6,29
670,8,1,1,1,6,4,6,30
671,8,1,1,1,6,4,6,31
672,8,1,1,1,6,4,6,32
673,8,1,1,1,6,4,6,33
674,8,1,1,1,6,4,6,34
675,8,1,1,1,6,4,6,35
676,8,1,1,1,6,4,6,36
677,8,1,1,1,6,4,6,37
678,8,1,1,1,6,4,6,38
679,8,1,1,1,6,4,6,39
680,8,1,1,1,7,3,6,40
681,8,1,1,1,7,3,6,41
682,8,1,1,1,7,3,6,42
683,8,1,1,1,7,3,6,43
684,8,1,1,1,7,3,6,44
685,8,1,1,1,7,3,6,45
686,8,1,1,1,7,3,6,46
687,8,1,1,1,7,3,6,47
688,8,1,1,1,7,3,6,48
689,8,1,1,1,7,3,6,49
690,8,1,1,1,7,3,6,50
691,8,1,1,1,7,3,6,51
692,8,1,1,1,7,3,6,52
693,8,1,1,1,7,3,6,53
694,8,1,1,1,7,4,6,54
695,8,1,1,1,7,3,6,55
696,8,1,1,1,7,4,6,56
697,8,1,1,1,7,4,6,57
698,8,1,1,1,7,3,6,58
699,8,1,1,1,7,4,6,59
700,8,1,1,1,7,3,6,60
701,8,1,1,1,7,3,6,61
702,8,1,1,1,7,3,6,62
703,8,1,1,1,7,3,6,63
704,8,1,1,1,7,4,6,64
705,8,1,1,1,7,4,6,65
706,8,1,1,1,7,4,6,66
707,8,1,1,1,7,4,6,67
708,8,1,1,1,7,4,6,68
709,8,1,1,1,7,4,6,69
710,8,1,1,1,7,4,6,70
711,8,1,1,1,7,4,6,71
712,8,1,1,1,7,4,6,72
713,8,1,1,1,7,4,6,73
714,8,1,1,1,7,4,6,74
715,8,1,1,1,7,4,6,75
716,8,1,1,1,7,4,6,76
717,8,1,1,1,7,4,6,77
718,8,1,1,1,7,4,6,78
719,8,1,1,1,7,4,6,79
720,9,1,1,1,6,3,6,0
721,9,1,1,1,6,3,6,1
722,9,1,1,1,6,3,6,2
723,9,1,1,1,6,3,6,3
724,9,1,1,1,6,3,6,4
725,9,1,1,1,6,3,6,5
726,9,1,1,1,6,3,6,6
727,9,1,1,1,6,3,6,7
728,9,1,1,1,6,3,6,8
729,9,1,1,1,6,3,6,9
730,9,1,1,1,6,3,6,10
731,9,1,1,1,6,3,6,11
732,9,1,1,1,6,3,6,12
733,9,1,1,1,6,3,6,13
734,9,1,1,1,6,3,6,14
735,9,1,1,1,6,3,6,15
736,9,1,1,1,6,3,6,16
737,9,1,1,1,6,3,6,17
738,9,1,1,1,6,3,6,18
739,9,1,1,1,6,3,6,19
740,9,1,1,1,6,3,6,20
741,9,1,1,1,6,3,6,21
742,9,1,1,1,6,3,6,22
743,9,1,1,1,6,3,6,23
744,9,1,1,1,6,3,6,24
745,9,1,1,1,6,3,6,25
746,9,1,1,1,6,4,6,26
747,9,1,1,1,6,4,6,27
748,9,1,1,1,6,4,6,28
749,9,1,1,1,6,4,6,29
750,9,1,1,1,6,4,6,30
751,9,1,1,1,6,3,6,31
752,9,1,1,1,6,4,6,32
753,9,1,1,1,6,4,6,33
754,9,1,1,1,6,4,6,34
755,9,1,1,1,6,4,6,35
756,9,1,1,1,6,4,6,36
757,9,1,1,1,6,4,6,37
758,9,1,1,1,6,4,6,38
759,9,1,1,1,6,4,6,39
760,9,1,1,1,6,3,6,40
761,9,1,1,1,6,3,6,41
762,9,1,1,1,6,3,6,42
763,9,1,1,1,6,3,6,43
764,9,1,1,1,6,3,6,44
765,9,1,1,1,6,3,6,45
766,9,1,1,1,6,3,6,46
767,9,1,1,1,6,3,6,47
768,9,1,1,1,6,3,6,48
769,9,1,1,1,6,3,6,49
770,9,1,1,1,6,3,6,50
771,9,1,1,1,6,3,6,51
772,9,1,1,1,6,3,6,52
773,9,1,1,1,6,3,6,53
774,9,1,1,1,6,4,6,54
775,9,1,1,1,6,3,6,55
776,9,1,1,1,6,3,6,56
777,9,1,1,1,6,4,6,57
778,9,1,1,1,6,3,6,58
779,9,1,1,1,6,3,6,59
780,9,1,1,1,7,3,6,60
781,9,1,1,1,7,3,6,61
782,9,1,1,1,7,3,6,62
783,9,1,1,1,7,3,6,63
784,9,1,1,1,7,4,6,64
785,9,1,1,1,7,4,6,65
786,9,1,1,1,7,4,6,66
787,9,1,1,1,7,4,6,67
788,9,1,1,1,7,4,6,68
789,9,1,1,1,7,4,6,69
790,9,1,1,1,7,4,6,70
791,9,1,1,1,7,4,6,71
792,9,1,1,1,7,4,6,72
793,9,1,1,1,7,4,6,73
794,9,1,1,1,7,4,6,74
795,9,1,1,1,7,4,6,75
796,9,1,1,1,7,4,6,76
797,9,1,1,1,7,4,6,77
798,9,1,1,1,7,4,6,78
799,9,1,1,1,7,4,6,79
800,10,1,1,1,6,3,6,0
801,10,1,1,1,6,3,6,1
802,10,1,1,1,6,3,6,2
803,10,1,1,1,6,3,6,3
804,10,1,1,1,6,3,6,4
805,10,1,1,1,6,3,6,5
806,10,1,1,1,6,3,6,6
807,10,1,1,1,6,3,6,7
808,10,1,1,1,6,3,6,8
809,10,1,1,1,6,3,6,9
810,10,1,1,1,6,3,6,10
811,10,1,1,1,6,3,6,11
812,10,1,1,1,6,3,6,12
813,10,1,1,1,6,3,6,13
814,10,1,1,1,6,3,6,14
815,10,1,1,1,6,3,6,15
816,10,1,1,1,6,3,6,16
817,10,1,1,1,6,3,6,17
818,10,1,1,1,6,3,6,18
819,10,1,1,1,6,3,6,19
820,10,1,1,1,6,3,6,20
821,10,1,1,1,6,3,6,21
822,10,1,1,1,6,3,6,22
823,10,1,1,1,6,3,6,23
824,10,1,1,1,6,3,6,24
825,10,1,1,1,6,4,6,25
826,10,1,1,1,6,4,6,26
827,10,1,1,1,6,4,6,27
828,10,1,1,1,6,4,6,28
829,10,1,1,1,6,4,6,29
830,10,1,1,1,6,4,6,30
831,10,1,1,1,6,4,6,31
832,10,1,1,1,6,4,6,32
833,10,1,1,1,6,4,6,33
834,10,1,1,1,6,4,6,34
835,10,1,1,1,6,4,6,35
836,10,1,1,1,6,4,6,36
837,10,1,1,1,6,4,6,37
838,10,1,1,1,6,4,6,38
839,10,1,1,1,6,4,6,39
840,10,1,1,1,6,3,6,40
841,10,1,1,1,6,3,6,41
842,10,1,1,1,6,3,6,42
843,10,1,1,1,6,3,6,43
844,10,1,1,1,6,3,6,44
845,10,1,1,1,6,3,6,45
846,10,1,1,1,6,3,6,46
847,10,1,1,1,6,3,6,47
848,10,1,1,1,6,3,6,48
849,10,1,1,1,6,3,6,49
850,10,1,1,1,6,3,6,50
851,10,1,1,1,6,3,6,51
852,10,1,1,1,6,3,6,52
853,10,1,1,1,6,3,6,53
854,10,1,1,1,6,4,6,54
855,10,1,1,1,6,3,6,55
856,10,1,1,1,6,3,6,56
857,10,1,1,1,6,4,6,57
858,10,1,1,1,6,3,6,58
859,10,1,1,1,6,3,6,59
860,10,1,1,1,7,3,6,60
861,10,1,1,1,7,3,6,61
862,10,1,1,1,7,3,6,62
863,10,1,1,1,7,3,6,63
864,10,1,1,1,7,3,6,64
865,10,1,1,1,7,3,6,65
866,10,1,1,1,7,4,6,66
867,10,1,1,1,7,4,6,67
868,10,1,1,1,7,4,6,68
869,10,1,1,1,7,4,6,69
870,10,1,1,1,7,4,6,70
871,10,1,1,1,7,4,6,71
872,10,1,1,1,7,4,6,72
873,10,1,1,1,7,4,6,73
874,10,1,1,1,7,4,6,74
875,10,1,1,1,7,4,6,75
876,10,1,1,1,7,4,6,76
877,10,1,1,1,7,4,6,77
878,10,1,1,1,7,4,6,78
879,10,1,1,1,7,4,6,79
880,11,1,1,1,6,3,6,0
881,11,1,1,1,6,3,6,1
882,11,1,1,1,6,3,6,2
883,11,1,1,1,6,3,6,3
884,11,1,1,1,6,3,6,4
885,11,1,1,1,6,3,6,5
886,11,1,1,1,6,3,6,6
887,11,1,1,1,6,3,6,7
888,11,1,1,1,6,3,6,8
889,11,1,1,1,6,3,6,9
890,11,1,1,1,6,3,6,10
891,11,1,1,1,6,3,6,11
892,11,1,1,1,6,3,6,12
893,11,1,1,1,6,3,6,13
894,11,1,1,1,6,3,6,14
895,11,1,1,1,6,3,6,15
896,11,1,1,1,6,3,6,16
897,11,1,1,1,6,3,6,17
898,11,1,1,1,6,3,6,18
899,11,1,1,1,6,3,6,19
900,11,1,1,1,6,3,6,20
901,11,1,1,1,6,3,6,21
902,11,1,1,1,6,3,6,22
903,11,1,1,1,6,3,6,23
904,11,1,1,1,6,3,6,24
905,11,1,1,1,6,4,6,25
906,11,1,1,1,6,4,6,26
907,11,1,1,1,6,4,6,27
908,11,1,1,1,6,4,6,28
909,11,1,1,1,6,4,6,29
910,11,1,1,1,6,4,6,30
911,11,1,1,1,6,4,6,31
912,11,1,1,1,6,4,6,32
913,11,1,1,1,6,4,6,33
914,11,1,1,1,6,4,6,34
915,11,1,1,1,6,4,6,35
916,11,1,1,1,6,4,6,36
917,11,1,1,1,6,4,6,37
918,11,1,1,1,6,4,6,38
919,11,1,1,1,6,4,6,39
920,11,1,1,1,7,3,6,40
921,11,1,1,1,7,3,6,41
922,11,1,1,1,7,3,6,42
923,11,1,1,1,7,3,6,43
924,11,1,1,1,7,3,6,44
925,11,1,1,1,7,3,6,45
926,11,1,1,1,7,3,6,46
927,11,1,1,1,7,3,6,47
928,11,1,1,1,7,3,6,48
929,11,1,1,1,7,3,6,49
930,11,1,1,1,7,3,6,50
931,11,1,1,1,7,3,6,51
932,11,1,1,1,7,3,6,52
933,11,1,1,1,7,3,6,53
934,11,1,1,1,7,4,6,54
935,11,1,1,1,7,3,6,55
936,11,1,1,1,7,3,6,56
937,11,1,1,1,7,4,6,57
938,11,1,1,1,7,3,6,58
939,11,1,1,1,7,3,6,59
940,11,1,1,1,7,3,6,60
941,11,1,1,1,7,3,6,61
942,11,1,1,1,7,3,6,62
943,11,1,1,1,7,3,6,63
944,11,1,1,1,7,3,6,64
945,11,1,1,1,7,3,6,65
946,11,1,1,1,7,4,6,66
947,11,1,1,1,7,4,6,67
948,11,1,1,1,7,4,6,68
949,11,1,1,1,7,4,6,69
950,11,1,1,1,7,4,6,70
951,11,1,1,1,7,4,6,71
952,11,1,1,1,7,4,6,72
953,11,1,1,1,7,4,6,73
954,11,1,1,1,7,4,6,74
955,11,1,1,1,7,4,6,75
956,11,1,1,1,7,4,6,76
957,11,1,1,1,7,4,6,77
958,11,1,1,1,7,4,6,78
959,11,1,1,1,7,4,6,79
960,12,1,1,1,6,3,6,0
961,12,1,1,1,6,3,6,1
962,12,1,1,1,6,3,6,2
963,12,1,1,1,6,3,6,3
964,12,1,1,1,6,3,6,4
965,12,1,1,1,6,3,6,5
966,12,1,1,1,6,3,6,6
967,12,1,1,1,6,3,6,7
968,12,1,1,1,6,3,6,8
969,12,1,1,1,6,3,6,9
970,12,1,1,1,6,3,6,10
971,12,1,1,1,6,3,6,11
972,12,1,1,1,6,3,6,12
973,12,1,1,1,6,3,6,13
974,12,1,1,1,6,3,6,14
975,12,1,1,1,6,3,6,15
976,12,1,1,1,6,3,6,16
977,12,1,1,1,6,3,6,17
978,12,1,1,1,6,3,6,18
979,12,1,1,1,6,3,6,19
980,12,1,1,1,6,3,6,20
981,12,1,1,1,6,3,6,21
982,12,1,1,1,6,3,6,22
983,12,1,1,1,6,3,6,23
984,12,1,1,1,6,3,6,24
985,12,1,1,1,6,4,6,25
986,12,1,1,1,6,4,6,26
987,12,1,1,1,6,4,6,27
988,12,1,1,1,6,4,6,28
989,12,1,1,1,6,4,6,29
990,12,1,1,1,6,4,6,30
991,12,1,1,1,6,4,6,31
992,12,1,1,1,6,4,6,32
993,12,1,1,1,6,4,6,33
994,12,1,1,1,6,4,6,34
995,12,1,1,1,6,4,6,35
996,12,1,1,1,6,4,6,36
997,12,1,1,1,6,4,6,37
998,12,1,1,1,6,4,6,38
999,12,1,1,1,6,4,6,39
1000,12,1,1,1,7,3,6,40
1001,12,1,1,1,7,3,6,41
1002,12,1,1,1,7,3,6,42
1003,12,1,1,1,7,3,6,43
1004,12,1,1,1,7,3,6,44
1005,12,1,1,1,7,3,6,45
1006,12,1,1,1,7,3,6,46
1007,12,1,1,1,7,3,6,47
1008,12,1,1,1,7,3,6,48
1009,12,1,1,1,7,3,6,49
1010,12,1,1,1,7,3,6,50
1011,12,1,1,1,7,3,6,51
1012,12,1,1,1,7,3,6,52
1013,12,1,1,1,7,3,6,53
1014,12,1,1,1,7,4,6,54
1015,12,1,1,1,7,3,6,55
1016,12,1,1,1,7,3,6,56
1017,12,1,1,1,7,4,6,57
1018,12,1,1,1,7,3,6,58
1019,12,1,1,1,7,3,6,59
1020,12,1,1,1,7,3,6,60
1021,12,1,1,1,7,3,6,61
1022,12,1,1,1,7,3,6,62
1023,12,1,1,1,7,3,6,63
1024,12,1,1,1,7,4,6,64
1025,12,1,1,1,7,4,6,65
1026,12,1,1,1,7,4,6,66
1027,12,1,1,1,7,4,6,67
1028,12,1,1,1,7,4,6,68
1029,12,1,1,1,7,4,6,69
1030,12,1,1,1,7,4,6,70
1031,12,1,1,1,7,4,6,71
1032,12,1,1,1,7,4,6,72
1033,12,1,1,1,7,4,6,73
1034,12,1,1,1,7,4,6,74
1035,12,1,1,1,7,4,6,75
1036,12,1,1,1,7,4,6,76
1037,12,1,1,1,7,4,6,77
1038,12,1,1,1,7,4,6,78
1039,12,1,1,1,7,4,6,79
1040,13,1,1,1,6,3,6,0
1041,13,1,1,1,6,3,6,1
1042,13,1,1,1,6,3,6,2
1043,13,1,1,1,6,3,6,3
1044,13,1,1,1,6,3,6,4
1045,13,1,1,1,6,3,6,5
1046,13,1,1,1,6,3,6,6
1047,13,1,1,1,6,3,6,7
1048,13,1,1,1,6,3,6,8
1049,13,1,1,1,6,3,6,9
1050,13,1,1,1,6,3,6,10
1051,13,1,1,1,6,3,6,11
1052,13,1,1,1,6,3,6,12
1053,13,1,1,1,6,3,6,13
1054,13,1,1,1,6,3,6,14
1055,13,1,1,1,6,3,6,15
1056,13,1,1,1,6,3,6,16
1057,13,1,1,1,6,3,6,17
1058,13,1,1,1,6,3,6,18
1059,13,1,1,1,6,3,6,19
1060,13,1,1,1,6,2,6,20
1061,13,1,1,1,6,3,6,21
1062,13,1,1,1,6,3,6,22
1063,13,1,1,1,6,3,6,23
1064,13,1,1,1,6,3,6,24
1065,13,1,1,1,6,4,6,25
1066,13,1,1,1,6,4,6,26
1067,13,1,1,1,6,4,6,27
1068,13,1,1,1,6,4,6,28
1069,13,1,1,1,6,4,6,29
1070,13,1,1,1,6,4,6,30
1071,13,1,1,1,6,4,6,31
1072,13,1,1,1,6,4,6,32
1073,13,1,1,1,6,4,6,33
1074,13,1,1,1,6,4,6,34
1075,13,1,1,1,6,4,6,35
1076,13,1,1,1,6,4,6,36
1077,13,1,1,1,6,4,6,37
1078,13,1,1,1,6,4,6,38
1079,13,1,1,1,6,4,6,39
1080,13,1,1,1,6,3,6,40
1081,13,1,1,1,6,3,6,41
1082,13,1,1,1,6,3,6,42
1083,13,1,1,1,6,3,6,43
1084,13,1,1,1,6,3,6,44
1085,13,1,1,1,6,3,6,45
1086,13,1,1,1,6,3,6,46
1087,13,1,1,1,6,3,6,47
1088,13,1,1,1,6,3,6,48
1089,13,1,1,1,6,3,6,49
1090,13,1,1,1,6,3,6,50
1091,13,1,1,1,6,3,6,51
1092,13,1,1,1,6,3,6,52
1093,13,1,1,1,6,3,6,53
1094,13,1,1,1,6,4,6,54
1095,13,1,1,1,6,3,6,55
1096,13,1,1,1,6,4,6,56
1097,13,1,1,1,6,4,6,57
1098,13,1,1,1,6,3,6,58
1099,13,1,1,1,6,3,6,59
1100,13,1,1,1,7,3,6,60
1101,13,1,1,1,7,3,6,61
1102,13,1,1,1,7,3,6,62
1103,13,1,1,1,7,3,6,63
1104,13,1,1,1,7,4,6,64
1105,13,1,1,1,7,4,6,65
1106,13,1,1,1,7,4,6,66
1107,13,1,1,1,7,4,6,67
1108,13,1,1,1,7,4,6,68
1109,13,1,1,1,7,4,6,69
1110,13,1,1,1,7,4,6,70
1111,13,1,1,1,7,4,6,71
1112,13,1,1,1,7,4,6,72
1113,13,1,1,1,7,4,6,73
1114,13,1,1,1,7,4,6,74
1115,13,1,1,1,7,4,6,75
1116,13,1,1,1,7,4,6,76
1117,13,1,1,1,7,4,6,77
1118,13,1,1,1,7,4,6,78
1119,13,1,1,1,7,4,6,79
1120,14,1,1,1,6,3,6,0
1121,14,1,1,1,6,3,6,1
1122,14,1,1,1,6,3,6,2
1123,14,1,1,1,6,3,6,3
1124,14,1,1,1,6,3,6,4
1125,14,1,1,1,6,3,6,5
1126,14,1,1,1,6,3,6,6
1127,14,1,1,1,6,3,6,7
1128,14,1,1,1,6,3,6,8
1129,14,1,1,1,6,3,6,9
1130,14,1,1,1,6,3,6,10
1131,14,1,1,1,6,3,6,11
1132,14,1,1,1,6,3,6,12
1133,14,1,1,1,6,3,6,13
1134,14,1,1,1,6,3,6,14
1135,14,1,1,1,6,3,6,15
1136,14,1,1,1,6,3,6,16
1137,14,1,1,1,6,3,6,17
1138,14,1,1,1,6,3,6,18
1139,14,1,1,1,6,3,6,19
1140,14,1,1,1,6,3,6,20
1141,14,1,1,1,6,3,6,21
1142,14,1,1,1,6,3,6,22
1143,14,1,1,1,6,3,6,23
1144,14,1,1,1,6,3,6,24
1145,14,1,1,1,6,4,6,25
1146,14,1,1,1,6,4,6,26
1147,14,1,1,1,6,4,6,27
1148,14,1,1,1,6,4,6,28
1149,14,1,1,1,6,4,6,29
1150,14,1,1,1,6,4,6,30
1151,14,1,1,1,6,4,6,31
1152,14,1,1,1,6,4,6,32
1153,14,1,1,1,6,4,6,33
1154,14,1,1,1,6,4,6,34
1155,14,1,1,1,6,4,6,35
1156,14,1,1,1,6,4,6,36
1157,14,1,1,1,6,4,6,37
1158,14,1,1,1,6,4,6,38
1159,14,1,1,1,6,4,6,39
1160,14,1,1,1,7,3,6,40
1161,14,1,1,1,7,3,6,41
1162,14,1,1,1,7,3,6,42
1163,14,1,1,1,7,3,6,43
1164,14,1,1,1,7,3,6,44
1165,14,1,1,1,7,3,6,45
1166,14,1,1,1,7,3,6,46
1167,14,1,1,1,7,3,6,47
1168,14,1,1,1,7,3,6,48
1169,14,1,1,1,7,3,6,49
1170,14,1,1,1,7,3,6,50
1171,14,1,1,1,7,3,6,51
1172,14,1,1,1,7,3,6,52
1173,14,1,1,1,7,3,6,53
1174,14,1,1,1,7,3,6,54
1175,14,1,1,1,7,3,6,55
1176,14,1,1,1,7,3,6,56
1177,14,1,1,1,7,4,6,57
1178,14,1,1,1,7,3,6,58
1179,14,1,1,1,7,3,6,59
1180,14,1,1,1,7,3,6,60
1181,14,1,1,1,7,3,6,61
1182,14,1,1,1,7,3,6,62
1183,14,1,1,1,7,3,6,63
1184,14,1,1,1,7,3,6,64
1185,14,1,1,1,7,3,6,65
1186,14,1,1,1,7,4,6,66
1187,14,1,1,1,7,4,6,67
1188,14,1,1,1,7,4,6,68
1189,14,1,1,1,7,4,6,69
1190,14,1,1,1,7,4,6,70
1191,14,1,1,1,7,4,6,71
1192,14,1,1,1,7,4,6,72
1193,14,1,1,1,7,4,6,73
1194,14,1,1,1,7,4,6,74
1195,14,1,1,1,7,4,6,75
1196,14,1,1,1,7,4,6,76
1197,14,1,1,1,7,4,6,77
1198,14,1,1,1,7,4,6,78
1199,14,1,1,1,7,4,6,79
1200,15,1,1,1,6,3,6,0
1201,15,1,1,1,6,3,6,1
1202,15,1,1,1,6,3,6,2
1203,15,1,1,1,6,3,6,3
1204,15,1,1,1,6,3,6,4
1205,15,1,1,1,6,3,6,5
1206,15,1,1,1,6,3,6,6
1207,15,1,1,1,6,3,6,7
1208,15,1,1,1,6,3,6,8
1209,15,1,1,1,6,3,6,9
1210,15,1,1,1,6,3,6,10
1211,15,1,1,1,6,3,6,11
1212,15,1,1,1,6,3,6,12
1213,15,1,1,1,6,3,6,13
1214,15,1,1,1,6,3,6,14
1215,15,1,1,1,6,3,6,15
1216,15,1,1,1,6,3,6,16
1217,15,1,1,1,6,3,6,17
1218,15,1,1,1,6,3,6,18
1219,15,1,1,1,6,3,6,19
1220,15,1,1,1,6,3,6,20
1221,15,1,1,1,6,3,6,21
1222,15,1,1,1,6,3,6,22
1223,15,1,1,1,6,3,6,23
1224,15,1,1,1,6,3,6,24
1225,15,1,1,1,6,4,6,25
1226,15,1,1,1,6,4,6,26
1227,15,1,1,1,6,4,6,27
1228,15,1,1,1,6,4,6,28
1229,15,1,1,1,6,4,6,29
1230,15,1,1,1,6,4,6,30
1231,15,1,1,1,6,3,6,31
1232,15,1,1,1,6,4,6,32
1233,15,1,1,1,6,4,6,33
1234,15,1,1,1,6,4,6,34
1235,15,1,1,1,6,4,6,35
1236,15,1,1,1,6,4,6,36
1237,15,1,1,1,6,4,6,37
1238,15,1,1,1,6,4,6,38
1239,15,1,1,1,6,4,6,39
1240,15,1,1,1,7,3,6,40
1241,15,1,1,1,7,3,6,41
1242,15,1,1,1,7,3,6,42
1243,15,1,1,1,7,3,6,43
1244,15,1,1,1,7,3,6,44
1245,15,1,1,1,7,3,6,45
1246,15,1,1,1,7,3,6,46
1247,15,1,1,1,7,3,6,47
1248,15,1,1,1,7,3,6,48
1249,15,1,1,1,7,3,6,49
1250,15,1,1,1,7,3,6,50
1251,15,1,1,1,7,3,6,51
1252,15,1,1,1,7,3,6,52
1253,15,1,1,1,7,3,6,53
1254,15,1,1,1,7,3,6,54
1255,15,1,1,1,7,3,6,55
1256,15,1,1,1,7,3,6,56
1257,15,1,1,1,7,4,6,57
1258,15,1,1,1,7,3,6,58
1259,15,1,1,1,7,3,6,59
1260,15,1,1,1,6,3,6,60
1261,15,1,1,1,6,3,6,61
1262,15,1,1,1,6,3,6,62
1263,15,1,1,1,6,3,6,63
1264,15,1,1,1,6,4,6,64
1265,15,1,1,1,6,4,6,65
1266,15,1,1,1,6,4,6,66
1267,15,1,1,1,6,4,6,67
1268,15,1,1,1,6,4,6,68
1269,15,1,1,1,6,4,6,69
1270,15,1,1,1,6,4,6,70
1271,15,1,1,1,6,4,6,71
1272,15,1,1,1,6,4,6,72
1273,15,1,1,1,6,4,6,73
1274,15,1,1,1,6,4,6,74
1275,15,1,1,1,6,4,6,75
1276,15,1,1,1,6,4,6,76
1277,15,1,1,1,6,4,6,77
1278,15,1,1,1,6,4,6,78
1279,15,1,1,1,6,4,6,79
1280,16,1,1,1,6,3,6,0
1281,16,1,1,1,6,3,6,1
1282,16,1,1,1,6,3,6,2
1283,16,1,1,1,6,3,6,3
1284,16,1,1,1,6,3,6,4
1285,16,1,1,1,6,3,6,5
1286,16,1,1,1,6,3,6,6
1287,16,1,1,1,6,3,6,7
1288,16,1,1,1,6,3,6,8
1289,16,1,1,1,6,3,6,9
1290,16,1,1,1,6,3,6,10
1291,16,1,1,1,6,3,6,11
1292,16,1,1,1,6,3,6,12
1293,16,1,1,1,6,3,6,13
1294,16,1,1,1,6,3,6,14
1295,16,1,1,1,6,3,6,15
1296,16,1,1,1,6,3,6,16
1297,16,1,1,1,6,4,6,17
1298,16,1,1,1,6,3,6,18
1299,16,1,1,1,6,4,6,19
1300,16,1,1,1,6,3,6,20
1301,16,1,1,1,6,3,6,21
1302,16,1,1,1,6,3,6,22
1303,16,1,1,1,6,3,6,23
1304,16,1,1,1,6,3,6,24
1305,16,1,1,1,6,4,6,25
1306,16,1,1,1,6,4,6,26
1307,16,1,1,1,6,4,6,27
1308,16,1,1,1,6,4,6,28
1309,16,1,1,1,6,4,6,29
1310,16,1,1,1,6,4,6,30
1311,16,1,1,1,6,4,6,31
1312,16,1,1,1,6,4,6,32
1313,16,1,1,1,6,4,6,33
1314,16,1,1,1,6,4,6,34
1315,16,1,1,1,6,4,6,35
1316,16,1,1,1,6,4,6,36
1317,16,1,1,1,6,4,6,37
1318,16,1,1,1,6,4,6,38
1319,16,1,1,1,6,4,6,39
1320,16,1,1,1,7,3,6,40
1321,16,1,1,1,7,3,6,41
1322,16,1,1,1,7,3,6,42
1323,16,1,1,1,7,3,6,43
1324,16,1,1,1,7,3,6,44
1325,16,1,1,1,7,3,6,45
1326,16,1,1,1,7,3,6,46
1327,16,1,1,1,7,3,6,47
1328,16,1,1,1,7,3,6,48
1329,16,1,1,1,7,3,6,49
1330,16,1,1,1,7,3,6,50
1331,16,1,1,1,7,3,6,51
1332,16,1,1,1,7,3,6,52
1333,16,1,1,1,7,3,6,53
1334,16,1,1,1,7,3,6,54
1335,16,1,1,1,7,3,6,55
1336,16,1,1,1,7,3,6,56
1337,16,1,1,1,7,4,6,57
1338,16,1,1,1,7,3,6,58
1339,16,1,1,1,7,3,6,59
1340,16,1,1,1,7,3,6,60
1341,16,1,1,1,7,3,6,61
1342,16,1,1,1,7,3,6,62
1343,16,1,1,1,7,3,6,63
1344,16,1,1,1,7,4,6,64
1345,16,1,1,1,7,4,6,65
1346,16,1,1,1,7,4,6,66
1347,16,1,1,1,7,4,6,67
1348,16,1,1,1,7,4,6,68
1349,16,1,1,1,7,4,6,69
1350,16,1,1,1,7,4,6,70
1351,16,1,1,1,7,4,6,71
1352,16,1,1,1,7,4,6,72
1353,16,1,1,1,7,4,6,73
1354,16,1,1,1,7,4,6,74
1355,16,1,1,1,7,4,6,75
1356,16,1,1,1,7,4,6,76
1357,16,1,1,1,7,4,6,77
1358,16,1,1,1,7,4,6,78
1359,16,1,1,1,7,4,6,79
1360,17,1,1,1,6,3,6,0
1361,17,1,1,1,6,3,6,1
1362,17,1,1,1,6,3,6,2
1363,17,1,1,1,6,3,6,3
1364,17,1,1,1,6,3,6,4
1365,17,1,1,1,6,3,6,5
1366,17,1,1,1,6,3,6,6
1367,17,1,1,1,6,3,6,7
1368,17,1,1,1,6,3,6,8
1369,17,1,1,1,6,3,6,9
1370,17,1,1,1,6,3,6,10
1371,17,1,1,1,6,3,6,11
1372,17,1,1,1,6,3,6,12
1373,17,1,1,1,6,3,6,13
1374,17,1,1,1,6,3,6,14
1375,17,1,1,1,6,3,6,15
1376,17,1,1,1,6,3,6,16
1377,17,1,1,1,6,3,6,17
1378,17,1,1,1,6,3,6,18
1379,17,1,1,1,6,4,6,19
1380,17,1,1,1,6,3,6,20
1381,17,1,1,1,6,3,6,21
1382,17,1,1,1,6,3,6,22
1383,17,1,1,1,6,3,6,23
1384,17,1,1,1,6,3,6,24
1385,17,1,1,1,6,4,6,25
1386,17,1,1,1,6,4,6,26
1387,17,1,1,1,6,4,6,27
1388,17,1,1,1,6,4,6,28
1389,17,1,1,1,6,4,6,29
1390,17,1,1,1,6,4,6,30
1391,17,1,1,1,6,4,6,31
1392,17,1,1,1,6,4,6,32
1393,17,1,1,1,6,4,6,33
1394,17,1,1,1,6,4,6,34
1395,17,1,1,1,6,4,6,35
1396,17,1,1,1,6,4,6,36
1397,17,1,1,1,6,4,6,37
1398,17,1,1,1,6,4,6,38
1399,17,1,1,1,6,4,6,39
1400,17,1,1,1,6,3,6,40
1401,17,1,1,1,6,3,6,41
1402,17,1,1,1,6,3,6,42
1403,17,1,1,1,6,3,6,43
1404,17,1,1,1,6,3,6,44
1405,17,1,1,1,6,3,6,45
1406,17,1,1,1,6,3,6,46
1407,17,1,1,1,6,3,6,47
1408,17,1,1,1,6,3,6,48
1409,17,1,1,1,6,3,6,49
1410,17,1,1,1,6,3,6,50
1411,17,1,1,1,6,3,6,51
1412,17,1,1,1,6,3,6,52
1413,17,1,1,1,6,3,6,53
1414,17,1,1,1,6,4,6,54
1415,17,1,1,1,6,3,6,55
1416,17,1,1,1,6,4,6,56
1417,17,1,1,1,6,4,6,57
1418,17,1,1,1,6,3,6,58
1419,17,1,1,1,6,4,6,59
1420,17,1,1,1,6,3,6,60
1421,17,1,1,1,6,3,6,61
1422,17,1,1,1,6,3,6,62
1423,17,1,1,1,6,3,6,63
1424,17,1,1,1,6,4,6,64
1425,17,1,1,1,6,3,6,65
1426,17,1,1,1,6,4,6,66
1427,17,1,1,1,6,4,6,67
1428,17,1,1,1,6,4,6,68
1429,17,1,1,1,6,4,6,69
1430,17,1,1,1,6,4,6,70
1431,17,1,1,1,6,4,6,71
1432,17,1,1,1,6,4,6,72
1433,17,1,1,1,6,4,6,73
1434,17,1,1,1,6,4,6,74
1435,17,1,1,1,6,4,6,75
1436,17,1,1,1,6,4,6,76
1437,17,1,1,1,6,4,6,77
1438,17,1,1,1,6,4,6,78
1439,17,1,1,1,6,4,6,79
1440,18,1,1,1,7,3,6,0
1441,18,1,1,1,7,3,6,1
1442,18,1,1,1,7,3,6,2
1443,18,1,1,1,7,3,6,3
1444,18,1,1,1,7,3,6,4
1445,18,1,1,1,7,3,6,5
1446,18,1,1,1,7,3,6,6
1447,18,1,1,1,7,3,6,7
1448,18,1,1,1,7,3,6,8
1449,18,1,1,1,7,3,6,9
1450,18,1,1,1,7,3,6,10
1451,18,1,1,1,7,3,6,11
1452,18,1,1,1,7,3,6,12
1453,18,1,1,1,7,3,6,13
1454,18,1,1,1,7,3,6,14
1455,18,1,1,1,7,3,6,15
1456,18,1,1,1,7,3,6,16
1457,18,1,1,1,7,3,6,17
1458,18,1,1,1,7,3,6,18
1459,18,1,1,1,7,3,6,19
1460,18,1,1,1,6,3,6,20
1461,18,1,1,1,6,3,6,21
1462,18,1,1,1,6,3,6,22
1463,18,1,1,1,6,3,6,23
1464,18,1,1,1,6,3,6,24
1465,18,1,1,1,6,4,6,25
1466,18,1,1,1,6,4,6,26
1467,18,1,1,1,6,4,6,27
1468,18,1,1,1,6,4,6,28
1469,18,1,1,1,6,4,6,29
1470,18,1,1,1,6,4,6,30
1471,18,1,1,1,6,4,6,31
1472,18,1,1,1,6,4,6,32
1473,18,1,1,1,6,4,6,33
1474,18,1,1,1,6,4,6,34
1475,18,1,1,1,6,4,6,35
1476,18,1,1,1,6,4,6,36
1477,18,1,1,1,6,4,6,37
1478,18,1,1,1,6,4,6,38
1479,18,1,1,1,6,4,6,39
1480,18,1,1,1,6,3,6,40
1481,18,1,1,1,6,3,6,41
1482,18,1,1,1,6,3,6,42
1483,18,1,1,1,6,3,6,43
1484,18,1,1,1,6,3,6,44
1485,18,1,1,1,6,3,6,45
1486,18,1,1,1,6,3,6,46
1487,18,1,1,1,6,3,6,47
1488,18,1,1,1,6,3,6,48
1489,18,1,1,1,6,3,6,49
1490,18,1,1,1,6,3,6,50
1491,18,1,1,1,6,3,6,51
1492,18,1,1,1,6,3,6,52
1493,18,1,1,1,6,4,6,53
1494,18,1,1,1,6,4,6,54
1495,18,1,1,1,6,4,6,55
1496,18,1,1,1,6,4,6,56
1497,18,1,1,1,6,4,6,57
1498,18,1,1,1,6,3,6,58
1499,18,1,1,1,6,4,6,59
1500,18,1,1,1,7,3,6,60
1501,18,1,1,1,7,3,6,61
1502,18,1,1,1,7,3,6,62
1503,18,1,1,1,7,3,6,63
1504,18,1,1,1,7,3,6,64
1505,18,1,1,1,7,3,6,65
1506,18,1,1,1,7,4,6,66
1507,18,1,1,1,7,4,6,67
1508,18,1,1,1,7,4,6,68
1509,18,1,1,1,7,4,6,69
1510,18,1,1,1,7,4,6,70
1511,18,1,1,1,7,4,6,71
1512,18,1,1,1,7,4,6,72
1513,18,1,1,1,7,4,6,73
1514,18,1,1,1,7,4,6,74
1515,18,1,1,1,7,4,6,75
1516,18,1,1,1,7,4,6,76
1517,18,1,1,1,7,4,6,77
1518,18,1,1,1,7,4,6,78
1519,18,1,1,1,7,4,6,79
1520,19,1,1,1,6,3,6,0
1521,19,1,1,1,6,3,6,1
1522,19,1,1,1,6,3,6,2
1523,19,1,1,1,6,3,6,3
1524,19,1,1,1,6,3,6,4
1525,19,1,1,1,6,3,6,5
1526,19,1,1,1,6,3,6,6
1527,19,1,1,1,6,3,6,7
1528,19,1,1,1,6,3,6,8
1529,19,1,1,1,6,3,6,9
1530,19,1,1,1,6,3,6,10
1531,19,1,1,1,6,3,6,11
1532,19,1,1,1,6,3,6,12
1533,19,1,1,1,6,3,6,13
1534,19,1,1,1,6,3,6,14
1535,19,1,1,1,6,3,6,15
1536,19,1,1,1,6,3,6,16
1537,19,1,1,1,6,3,6,17
1538,19,1,1,1,6,3,6,18
1539,19,1,1,1,6,3,6,19
1540,19,1,1,1,6,3,6,20
1541,19,1,1,1,6,3,6,21
1542,19,1,1,1,6,3,6,22
1543,19,1,1,1,6,3,6,23
1544,19,1,1,1,6,3,6,24
1545,19,1,1,1,6,4,6,25
1546,19,1,1,1,6,4,6,26
1547,19,1,1,1,6,4,6,27
1548,19,1,1,1,6,4,6,28
1549,19,1,1,1,6,4,6,29
1550,19,1,1,1,6,4,6,30
1551,19,1,1,1,6,4,6,31
1552,19,1,1,1,6,4,6,32
1553,19,1,1,1,6,4,6,33
1554,19,1,1,1,6,4,6,34
1555,19,1,1,1,6,4,6,35
1556,19,1,1,1,6,4,6,36
1557,19,1,1,1,6,4,6,37
1558,19,1,1,1,6,4,6,38
1559,19,1,1,1,6,4,6,39
1560,19,1,1,1,7,3,6,40
1561,19,1,1,1,7,3,6,41
1562,19,1,1,1,7,3,6,42
1563,19,1,1,1,7,3,6,43
1564,19,1,1,1,7,3,6,44
1565,19,1,1,1,7,3,6,45
1566,19,1,1,1,7,3,6,46
1567,19,1,1,1,7,3,6,47
1568,19,1,1,1,7,3,6,48
1569,19,1,1,1,7,3,6,49
1570,19,1,1,1,7,3,6,50
1571,19,1,1,1,7,3,6,51
1572,19,1,1,1,7,3,6,52
1573,19,1,1,1,7,3,6,53
1574,19,1,1,1,7,3,6,54
1575,19,1,1,1,7,3,6,55
1576,19,1,1,1,7,3,6,56
1577,19,1,1,1,7,4,6,57
1578,19,1,1,1,7,3,6,58
1579,19,1,1,1,7,3,6,59
1580,19,1,1,1,7,3,6,60
1581,19,1,1,1,7,3,6,61
1582,19,1,1,1,7,3,6,62
1583,19,1,1,1,7,3,6,63
1584,19,1,1,1,7,3,6,64
1585,19,1,1,1,7,4,6,65
1586,19,1,1,1,7,4,6,66
1587,19,1,1,1,7,4,6,67
1588,19,1,1,1,7,4,6,68
1589,19,1,1,1,7,4,6,69
1590,19,1,1,1,7,4,6,70
1591,19,1,1,1,7,4,6,71
1592,19,1,1,1,7,4,6,72
1593,19,1,1,1,7,4,6,73
1594,19,1,1,1,7,4,6,74
1595,19,1,1,1,7,4,6,75
1596,19,1,1,1,7,4,6,76
1597,19,1,1,1,7,4,6,77
1598,19,1,1,1,7,4,6,78
1599,19,1,1,1,7,4,6,79
1600,20,1,1,1,6,3,6,0
1601,20,1,1,1,6,3,6,1
1602,20,1,1,1,6,3,6,2
1603,20,1,1,1,6,3,6,3
1604,20,1,1,1,6,3,6,4
1605,20,1,1,1,6,3,6,5
1606,20,1,1,1,6,3,6,6
1607,20,1,1,1,6,3,6,7
1608,20,1,1,1,6,3,6,8
1609,20,1,1,1,6,3,6,9
1610,20,1,1,1,6,3,6,10
1611,20,1,1,1,6,3,6,11
1612,20,1,1,1,6,3,6,12
1613,20,1,1,1,6,3,6,13
1614,20,1,1,1,6,3,6,14
1615,20,1,1,1,6,3,6,15
1616,20,1,1,1,6,3,6,16
1617,20,1,1,1,6,3,6,17
1618,20,1,1,1,6,3,6,18
1619,20,1,1,1,6,3,6,19
1620,20,1,1,1,6,3,6,20
1621,20,1,1,1,6,3,6,21
1622,20,1,1,1,6,3,6,22
1623,20,1,1,1,6,3,6,23
1624,20,1,1,1,6,3,6,24
1625,20,1,1,1,6,4,6,25
1626,20,1,1,1,6,4,6,26
1627,20,1,1,1,6,4,6,27
1628,20,1,1,1,6,4,6,28
1629,20,1,1,1,6,4,6,29
1630,20,1,1,1,6,4,6,30
1631,20,1,1,1,6,4,6,31
1632,20,1,1,1,6,4,6,32
1633,20,1,1,1,6,4,6,33
1634,20,1,1,1,6,4,6,34
1635,20,1,1,1,6,4,6,35
1636,20,1,1,1,6,4,6,36
1637,20,1,1,1,6,4,6,37
1638,20,1,1,1,6,4,6,38
1639,20,1,1,1,6,4,6,39
1640,20,1,1,1,7,3,6,40
1641,20,1,1,1,7,3,6,41
1642,20,1,1,1,7,3,6,42
1643,20,1,1,1,7,3,6,43
1644,20,1,1,1,7,3,6,44
1645,20,1,1,1,7,3,6,45
1646,20,1,1,1,7,3,6,46
1647,20,1,1,1,7,3,6,47
1648,20,1,1,1,7,3,6,48
1649,20,1,1,1,7,3,6,49
1650,20,1,1,1,7,3,6,50
1651,20,1,1,1,7,3,6,51
1652,20,1,1,1,7,3,6,52
1653,20,1,1,1,7,3,6,53
1654,20,1,1,1,7,4,6,54
1655,20,1,1,1,7,3,6,55
1656,20,1,1,1,7,3,6,56
1657,20,1,1,1,7,4,6,57
1658,20,1,1,1,7,3,6,58
1659,20,1,1,1,7,3,6,59
1660,20,1,1,1,7,3,6,60
1661,20,1,1,1,7,3,6,61
1662,20,1,1,1,7,3,6,62
1663,20,1,1,1,7,3,6,63
1664,20,1,1,1,7,4,6,64
1665,20,1,1,1,7,4,6,65
1666,20,1,1,1,7,4,6,66
1667,20,1,1,1,7,4,6,67
1668,20,1,1,1,7,4,6,68
1669,20,1,1,1,7,4,6,69
1670,20,1,1,1,7,4,6,70
1671,20,1,1,1,7,4,6,71
1672,20,1,1,1,7,4,6,72
1673,20,1,1,1,7,4,6,73
1674,20,1,1,1,7,4,6,74
1675,20,1,1,1,7,4,6,75
1676,20,1,1,1,7,4,6,76
1677,20,1,1,1,7,4,6,77
1678,20,1,1,1,7,4,6,78
1679,20,1,1,1,7,4,6,79
1680,21,1,1,1,6,3,6,0
1681,21,1,1,1,6,3,6,1
1682,21,1,1,1,6,3,6,2
1683,21,1,1,1,6,3,6,3
1684,21,1,1,1,6,3,6,4
1685,21,1,1,1,6,3,6,5
1686,21,1,1,1,6,3,6,6
1687,21,1,1,1,6,3,6,7
1688,21,1,1,1,6,3,6,8
1689,21,1,1,1,6,3,6,9
1690,21,1,1,1,6,3,6,10
1691,21,1,1,1,6,3,6,11
1692,21,1,1,1,6,3,6,12
1693,21,1,1,1,6,3,6,13
1694,21,1,1,1,6,3,6,14
1695,21,1,1,1,6,3,6,15
1696,21,1,1,1,6,3,6,16
1697,21,1,1,1,6,3,6,17
1698,21,1,1,1,6,3,6,18
1699,21,1,1,1,6,3,6,19
1700,21,1,1,1,6,3,6,20
1701,21,1,1,1,6,3,6,21
1702,21,1,1,1,6,3,6,22
1703,21,1,1,1,6,3,6,23
1704,21,1,1,1,6,3,6,24
1705,21,1,1,1,6,4,6,25
1706,21,1,1,1,6,4,6,26
1707,21,1,1,1,6,4,6,27
1708,21,1,1,1,6,4,6,28
1709,21,1,1,1,6,4,6,29
1710,21,1,1,1,6,4,6,30
1711,21,1,1,1,6,4,6,31
1712,21,1,1,1,6,4,6,32
1713,21,1,1,1,6,4,6,33
1714,21,1,1,1,6,4,6,34
1715,21,1,1,1,6,4,6,35
1716,21,1,1,1,6,4,6,36
1717,21,1,1,1,6,4,6,37
1718,21,1,1,1,6,4,6,38
1719,21,1,1,1,6,4,6,39
1720,21,1,1,1,7,3,6,40
1721,21,1,1,1,7,3,6,41
1722,21,1,1,1,7,3,6,42
1723,21,1,1,1,7,3,6,43
1724,21,1,1,1,7,3,6,44
1725,21,1,1,1,7,3,6,45
1726,21,1,1,1,7,3,6,46
1727,21,1,1,1,7,3,6,47
1728,21,1,1,1,7,3,6,48
1729,21,1,1,1,7,3,6,49
1730,21,1,1,1,7,3,6,50
1731,21,1,1,1,7,3,6,51
1732,21,1,1,1,7,3,6,52
1733,21,1,1,1,7,3,6,53
1734,21,1,1,1,7,3,6,54
1735,21,1,1,1,7,3,6,55
1736,21,1,1,1,7,4,6,56
1737,21,1,1,1,7,4,6,57
1738,21,1,1,1,7,3,6,58
1739,21,1,1,1,7,3,6,59
1740,21,1,1,1,7,3,6,60
1741,21,1,1,1,7,3,6,61
1742,21,1,1,1,7,3,6,62
1743,21,1,1,1,7,3,6,63
1744,21,1,1,1,7,3,6,64
1745,21,1,1,1,7,3,6,65
1746,21,1,1,1,7,4,6,66
1747,21,1,1,1,7,4,6,67
1748,21,1,1,1,7,4,6,68
1749,21,1,1,1,7,4,6,69
1750,21,1,1,1,7,4,6,70
1751,21,1,1,1,7,4,6,71
1752,21,1,1,1,7,4,6,72
1753,21,1,1,1,7,4,6,73
1754,21,1,1,1,7,4,6,74
1755,21,1,1,1,7,4,6,75
1756,21,1,1,1,7,4,6,76
1757,21,1,1,1,7,4,6,77
1758,21,1,1,1,7,4,6,78
1759,21,1,1,1,7,4,6,79
1760,22,1,1,1,6,3,6,0
1761,22,1,1,1,6,3,6,1
1762,22,1,1,1,6,3,6,2
1763,22,1,1,1,6,3,6,3
1764,22,1,1,1,6,3,6,4
1765,22,1,1,1,6,3,6,5
1766,22,1,1,1,6,3,6,6
1767,22,1,1,1,6,3,6,7
1768,22,1,1,1,6,3,6,8
1769,22,1,1,1,6,3,6,9
1770,22,1,1,1,6,3,6,10
1771,22,1,1,1,6,3,6,11
1772,22,1,1,1,6,3,6,12
1773,22,1,1,1,6,3,6,13
1774,22,1,1,1,6,3,6,14
1775,22,1,1,1,6,3,6,15
1776,22,1,1,1,6,3,6,16
1777,22,1,1,1,6,3,6,17
1778,22,1,1,1,6,3,6,18
1779,22,1,1,1,6,3,6,19
1780,22,1,1,1,6,3,6,20
1781,22,1,1,1,6,3,6,21
1782,22,1,1,1,6,3,6,22
1783,22,1,1,1,6,3,6,23
1784,22,1,1,1,6,3,6,24
1785,22,1,1,1,6,4,6,25
1786,22,1,1,1,6,4,6,26
1787,22,1,1,1,6,4,6,27
1788,22,1,1,1,6,4,6,28
1789,22,1,1,1,6,4,6,29
1790,22,1,1,1,6,4,6,30
1791,22,1,1,1,6,3,6,31
1792,22,1,1,1,6,4,6,32
1793,22,1,1,1,6,4,6,33
1794,22,1,1,1,6,4,6,34
1795,22,1,1,1,6,4,6,35
1796,22,1,1,1,6,4,6,36
1797,22,1,1,1,6,4,6,37
1798,22,1,1,1,6,4,6,38
1799,22,1,1,1,6,4,6,39
1800,22,1,1,1,6,3,6,40
1801,22,1,1,1,6,3,6,41
1802,22,1,1,1,6,3,6,42
1803,22,1,1,1,6,3,6,43
1804,22,1,1,1,6,3,6,44
1805,22,1,1,1,6,3,6,45
1806,22,1,1,1,6,3,6,46
1807,22,1,1,1,6,3,6,47
1808,22,1,1,1,6,3,6,48
1809,22,1,1,1,6,3,6,49
1810,22,1,1,1,6,3,6,50
1811,22,1,1,1,6,3,6,51
1812,22,1,1,1,6,3,6,52
1813,22,1,1,1,6,3,6,53
1814,22,1,1,1,6,3,6,54
1815,22,1,1,1,6,3,6,55
1816,22,1,1,1,6,3,6,56
1817,22,1,1,1,6,3,6,57
1818,22,1,1,1,6,3,6,58
1819,22,1,1,1,6,3,6,59
1820,22,1,1,1,7,3,6,60
1821,22,1,1,1,7,3,6,61
1822,22,1,1,1,7,3,6,62
1823,22,1,1,1,7,3,6,63
1824,22,1,1,1,7,4,6,64
1825,22,1,1,1,7,4,6,65
1826,22,1,1,1,7,4,6,66
1827,22,1,1,1,7,4,6,67
1828,22,1,1,1,7,4,6,68
1829,22,1,1,1,7,4,6,69
1830,22,1,1,1,7,4,6,70
1831,22,1,1,1,7,4,6,71
1832,22,1,1,1,7,4,6,72
1833,22,1,1,1,7,4,6,73
1834,22,1,1,1,7,4,6,74
1835,22,1,1,1,7,4,6,75
1836,22,1,1,1,7,4,6,76
1837,22,1,1,1,7,4,6,77
1838,22,1,1,1,7,4,6,78
1839,22,1,1,1,7,4,6,79
1840,23,1,1,1,7,3,6,0
1841,23,1,1,1,7,3,6,1
1842,23,1,1,1,7,3,6,2
1843,23,1,1,1,7,3,6,3
1844,23,1,1,1,7,3,6,4
1845,23,1,1,1,7,3,6,5
1846,23,1,1,1,7,3,6,6
1847,23,1,1,1,7,3,6,7
1848,23,1,1,1,7,3,6,8
1849,23,1,1,1,7,3,6,9
1850,23,1,1,1,7,3,6,10
1851,23,1,1,1,7,3,6,11
1852,23,1,1,1,7,3,6,12
1853,23,1,1,1,7,3,6,13
1854,23,1,1,1,7,3,6,14
1855,23,1,1,1,7,3,6,15
1856,23,1,1,1,7,3,6,16
1857,23,1,1,1,7,4,6,17
1858,23,1,1,1,7,4,6,18
1859,23,1,1,1,7,4,6,19
1860,23,1,1,1,6,3,6,20
1861,23,1,1,1,6,3,6,21
1862,23,1,1,1,6,3,6,22
1863,23,1,1,1,6,3,6,23
1864,23,1,1,1,6,3,6,24
1865,23,1,1,1,6,4,6,25
1866,23,1,1,1,6,4,6,26
1867,23,1,1,1,6,4,6,27
1868,23,1,1,1,6,4,6,28
1869,23,1,1,1,6,4,6,29
1870,23,1,1,1,6,4,6,30
1871,23,1,1,1,6,4,6,31
1872,23,1,1,1,6,4,6,32
1873,23,1,1,1,6,4,6,33
1874,23,1,1,1,6,4,6,34
1875,23,1,1,1,6,4,6,35
1876,23,1,1,1,6,4,6,36
1877,23,1,1,1,6,4,6,37
1878,23,1,1,1,6,4,6,38
1879,23,1,1,1,6,4,6,39
1880,23,1,1,1,7,3,6,40
1881,23,1,1,1,7,3,6,41
1882,23,1,1,1,7,3,6,42
1883,23,1,1,1,7,3,6,43
1884,23,1,1,1,7,3,6,44
1885,23,1,1,1,7,3,6,45
1886,23,1,1,1,7,3,6,46
1887,23,1,1,1,7,3,6,47
1888,23,1,1,1,7,3,6,48
1889,23,1,1,1,7,3,6,49
1890,23,1,1,1,7,3,6,50
1891,23,1,1,1,7,3,6,51
1892,23,1,1,1,7,3,6,52
1893,23,1,1,1,7,3,6,53
1894,23,1,1,1,7,3,6,54
1895,23,1,1,1,7,3,6,55
1896,23,1,1,1,7,3,6,56
1897,23,1,1,1,7,3,6,57
1898,23,1,1,1,7,3,6,58
1899,23,1,1,1,7,3,6,59
1900,23,1,1,1,7,3,6,60
1901,23,1,1,1,7,3,6,61
1902,23,1,1,1,7,3,6,62
1903,23,1,1,1,7,3,6,63
1904,23,1,1,1,7,4,6,64
1905,23,1,1,1,7,4,6,65
1906,23,1,1,1,7,4,6,66
1907,23,1,1,1,7,4,6,67
1908,23,1,1,1,7,4,6,68
1909,23,1,1,1,7,4,6,69
1910,23,1,1,1,7,4,6,70
1911,23,1,1,1,7,4,6,71
1912,23,1,1,1,7,4,6,72
1913,23,1,1,1,7,4,6,73
1914,23,1,1,1,7,4,6,74
1915,23,1,1,1,7,4,6,75
1916,23,1,1,1,7,4,6,76
1917,23,1,1,1,7,4,6,77
1918,23,1,1,1,7,4,6,78
1919,23,1,1,1,7,4,6,79
1920,24,1,1,1,7,3,6,0
1921,24,1,1,1,7,3,6,1
1922,24,1,1,1,7,3,6,2
1923,24,1,1,1,7,3,6,3
1924,24,1,1,1,7,3,6,4
1925,24,1,1,1,7,3,6,5
1926,24,1,1,1,7,3,6,6
1927,24,1,1,1,7,3,6,7
1928,24,1,1,1,7,3,6,8
1929,24,1,1,1,7,3,6,9
1930,24,1,1,1,7,3,6,10
1931,24,1,1,1,7,3,6,11
1932,24,1,1,1,7,3,6,12
1933,24,1,1,1,7,3,6,13
1934,24,1,1,1,7,3,6,14
1935,24,1,1,1,7,3,6,15
1936,24,1,1,1,7,3,6,16
1937,24,1,1,1,7,3,6,17
1938,24,1,1,1,7,3,6,18
1939,24,1,1,1,7,4,6,19
1940,24,1,1,1,6,3,6,20
1941,24,1,1,1,6,3,6,21
1942,24,1,1,1,6,3,6,22
1943,24,1,1,1,6,3,6,23
1944,24,1,1,1,6,3,6,24
1945,24,1,1,1,6,4,6,25
1946,24,1,1,1,6,4,6,26
1947,24,1,1,1,6,4,6,27
1948,24,1,1,1,6,4,6,28
1949,24,1,1,1,6,4,6,29
1950,24,1,1,1,6,4,6,30
1951,24,1,1,1,6,4,6,31
1952,24,1,1,1,6,4,6,32
1953,24,1,1,1,6,4,6,33
1954,24,1,1,1,6,4,6,34
1955,24,1,1,1,6,4,6,35
1956,24,1,1,1,6,4,6,36
1957,24,1,1,1,6,4,6,37
1958,24,1,1,1,6,4,6,38
1959,24,1,1,1,6,4,6,39
1960,24,1,1,1,6,3,6,40
1961,24,1,1,1,6,3,6,41
1962,24,1,1,1,6,3,6,42
1963,24,1,1,1,6,3,6,43
1964,24,1,1,1,6,3,6,44
1965,24,1,1,1,6,3,6,45
1966,24,1,1,1,6,3,6,46
1967,24,1,1,1,6,3,6,47
1968,24,1,1,1,6,3,6,48
1969,24,1,1,1,6,3,6,49
1970,24,1,1,1,6,3,6,50
1971,24,1,1,1,6,3,6,51
1972,24,1,1,1,6,3,6,52
1973,24,1,1,1,6,3,6,53
1974,24,1,1,1,6,4,6,54
1975,24,1,1,1,6,4,6,55
1976,24,1,1,1,6,4,6,56
1977,24,1,1,1,6,4,6,57
1978,24,1,1,1,6,3,6,58
1979,24,1,1,1,6,3,6,59
1980,24,1,1,1,7,3,6,60
1981,24,1,1,1,7,3,6,61
1982,24,1,1,1,7,3,6,62
1983,24,1,1,1,7,3,6,63
1984,24,1,1,1,7,4,6,64
1985,24,1,1,1,7,4,6,65
1986,24,1,1,1,7,4,6,66
1987,24,1,1,1,7,4,6,67
1988,24,1,1,1,7,4,6,68
1989,24,1,1,1,7,4,6,69
1990,24,1,1,1,7,4,6,70
1991,24,1,1,1,7,4,6,71
1992,24,1,1,1,7,4,6,72
1993,24,1,1,1,7,4,6,73
1994,24,1,1,1,7,4,6,74
1995,24,1,1,1,7,4,6,75
1996,24,1,1,1,7,4,6,76
1997,24,1,1,1,7,4,6,77
1998,24,1,1,1,7,4,6,78
1999,24,1,1,1,7,4,6,79
2000,25,1,1,1,6,3,6,0
2001,25,1,1,1,6,3,6,1
2002,25,1,1,1,6,3,6,2
2003,25,1,1,1,6,3,6,3
2004,25,1,1,1,6,3,6,4
2005,25,1,1,1,6,3,6,5
2006,25,1,1,1,6,3,6,6
2007,25,1,1,1,6,3,6,7
2008,25,1,1,1,6,3,6,8
2009,25,1,1,1,6,3,6,9
2010,25,1,1,1,6,3,6,10
2011,25,1,1,1,6,3,6,11
2012,25,1,1,1,6,3,6,12
2013,25,1,1,1,6,3,6,13
2014,25,1,1,1,6,3,6,14
2015,25,1,1,1,6,3,6,15
2016,25,1,1,1,6,3,6,16
2017,25,1,1,1,6,3,6,17
2018,25,1,1,1,6,3,6,18
2019,25,1,1,1,6,3,6,19
2020,25,1,1,1,6,3,6,20
2021,25,1,1,1,6,3,6,21
2022,25,1,1,1,6,3,6,22
2023,25,1,1,1,6,3,6,23
2024,25,1,1,1,6,3,6,24
2025,25,1,1,1,6,4,6,25
2026,25,1,1,1,6,4,6,26
2027,25,1,1,1,6,4,6,27
2028,25,1,1,1,6,4,6,28
2029,25,1,1,1,6,4,6,29
2030,25,1,1,1,6,4,6,30
2031,25,1,1,1,6,4,6,31
2032,25,1,1,1,6,4,6,32
2033,25,1,1,1,6,4,6,33
2034,25,1,1,1,6,4,6,34
2035,25,1,1,1,6,4,6,35
2036,25,1,1,1,6,4,6,36
2037,25,1,1,1,6,4,6,37
2038,25,1,1,1,6,4,6,38
2039,25,1,1,1,6,4,6,39
2040,25,1,1,1,7,3,6,40
2041,25,1,1,1,7,3,6,41
2042,25,1,1,1,7,3,6,42
2043,25,1,1,1,7,3,6,43
2044,25,1,1,1,7,3,6,44
2045,25,1,1,1,7,3,6,45
2046,25,1,1,1,7,3,6,46
2047,25,1,1,1,7,3,6,47
2048,25,1,1,1,7,3,6,48
2049,25,1,1,1,7,3,6,49
2050,25,1,1,1,7,3,6,50
2051,25,1,1,1,7,3,6,51
2052,25,1,1,1,7,3,6,52
2053,25,1,1,1,7,3,6,53
2054,25,1,1,1,7,4,6,54
2055,25,1,1,1,7,3,6,55
2056,25,1,1,1,7,3,6,56
2057,25,1,1,1,7,4,6,57
2058,25,1,1,1,7,3,6,58
2059,25,1,1,1,7,3,6,59
2060,25,1,1,1,7,3,6,60
2061,25,1,1,1,7,3,6,61
2062,25,1,1,1,7,3,6,62
2063,25,1,1,1,7,3,6,63
2064,25,1,1,1,7,3,6,64
2065,25,1,1,1,7,3,6,65
2066,25,1,1,1,7,4,6,66
2067,25,1,1,1,7,4,6,67
2068,25,1,1,1,7,4,6,68
2069,25,1,1,1,7,4,6,69
2070,25,1,1,1,7,4,6,70
2071,25,1,1,1,7,4,6,71
2072,25,1,1,1,7,4,6,72
2073,25,1,1,1,7,4,6,73
2074,25,1,1,1,7,4,6,74
2075,25,1,1,1,7,4,6,75
2076,25,1,1,1,7,4,6,76
2077,25,1,1,1,7,4,6,77
2078,25,1,1,1,7,4,6,78
2079,25,1,1,1,7,4,6,79
2080,26,1,1,1,6,3,6,0
2081,26,1,1,1,6,3,6,1
2082,26,1,1,1,6,3,6,2
2083,26,1,1,1,6,3,6,3
2084,26,1,1,1,6,3,6,4
2085,26,1,1,1,6,3,6,5
2086,26,1,1,1,6,3,6,6
2087,26,1,1,1,6,3,6,7
2088,26,1,1,1,6,3,6,8
2089,26,1,1,1,6,3,6,9
2090,26,1,1,1,6,3,6,10
2091,26,1,1,1,6,3,6,11
2092,26,1,1,1,6,3,6,12
2093,26,1,1,1,6,3,6,13
2094,26,1,1,1,6,3,6,14
2095,26,1,1,1,6,3,6,15
2096,26,1,1,1,6,3,6,16
2097,26,1,1,1,6,3,6,17
2098,26,1,1,1,6,4,6,18
2099,26,1,1,1,6,4,6,19
2100,26,1,1,1,6,3,6,20
2101,26,1,1,1,6,3,6,21
2102,26,1,1,1,6,3,6,22
2103,26,1,1,1,6,3,6,23
2104,26,1,1,1,6,3,6,24
2105,26,1,1,1,6,4,6,25
2106,26,1,1,1,6,4,6,26
2107,26,1,1,1,6,4,6,27
2108,26,1,1,1,6,4,6,28
2109,26,1,1,1,6,4,6,29
2110,26,1,1,1,6,4,6,30
2111,26,1,1,1,6,4,6,31
2112,26,1,1,1,6,4,6,32
2113,26,1,1,1,6,4,6,33
2114,26,1,1,1,6,4,6,34
2115,26,1,1,1,6,4,6,35
2116,26,1,1,1,6,4,6,36
2117,26,1,1,1,6,4,6,37
2118,26,1,1,1,6,4,6,38
2119,26,1,1,1,6,4,6,39
2120,26,1,1,1,6,3,6,40
2121,26,1,1,1,6,3,6,41
2122,26,1,1,1,6,3,6,42
2123,26,1,1,1,6,3,6,43
2124,26,1,1,1,6,3,6,44
2125,26,1,1,1,6,3,6,45
2126,26,1,1,1,6,3,6,46
2127,26,1,1,1,6,3,6,47
2128,26,1,1,1,6,3,6,48
2129,26,1,1,1,6,3,6,49
2130,26,1,1,1,6,3,6,50
2131,26,1,1,1,6,3,6,51
2132,26,1,1,1,6,3,6,52
2133,26,1,1,1,6,3,6,53
2134,26,1,1,1,6,4,6,54
2135,26,1,1,1,6,3,6,55
2136,26,1,1,1,6,4,6,56
2137,26,1,1,1,6,4,6,57
2138,26,1,1,1,6,3,6,58
2139,26,1,1,1,6,3,6,59
2140,26,1,1,1,7,3,6,60
2141,26,1,1,1,7,3,6,61
2142,26,1,1,1,7,3,6,62
2143,26,1,1,1,7,3,6,63
2144,26,1,1,1,7,3,6,64
2145,26,1,1,1,7,3,6,65
2146,26,1,1,1,7,4,6,66
2147,26,1,1,1,7,4,6,67
2148,26,1,1,1,7,4,6,68
2149,26,1,1,1,7,4,6,69
2150,26,1,1,1,7,4,6,70
2151,26,1,1,1,7,4,6,71
2152,26,1,1,1,7,4,6,72
2153,26,1,1,1,7,4,6,73
2154,26,1,1,1,7,4,6,74
2155,26,1,1,1,7,4,6,75
2156,26,1,1,1,7,4,6,76
2157,26,1,1,1,7,4,6,77
2158,26,1,1,1,7,4,6,78
2159,26,1,1,1,7,4,6,79
2160,27,1,1,1,6,3,6,0
2161,27,1,1,1,6,3,6,1
2162,27,1,1,1,6,3,6,2
2163,27,1,1,1,6,3,6,3
2164,27,1,1,1,6,3,6,4
2165,27,1,1,1,6,3,6,5
2166,27,1,1,1,6,3,6,6
2167,27,1,1,1,6,3,6,7
2168,27,1,1,1,6,3,6,8
2169,27,1,1,1,6,3,6,9
2170,27,1,1,1,6,3,6,10
2171,27,1,1,1,6,3,6,11
2172,27,1,1,1,6,3,6,12
2173,27,1,1,1,6,3,6,13
2174,27,1,1,1,6,3,6,14
2175,27,1,1,1,6,3,6,15
2176,27,1,1,1,6,3,6,16
2177,27,1,1,1,6,3,6,17
2178,27,1,1,1,6,3,6,18
2179,27,1,1,1,6,3,6,19
2180,27,1,1,1,6,3,6,20
2181,27,1,1,1,6,3,6,21
2182,27,1,1,1,6,3,6,22
2183,27,1,1,1,6,3,6,23
2184,27,1,1,1,6,3,6,24
2185,27,1,1,1,6,4,6,25
2186,27,1,1,1,6,4,6,26
2187,27,1,1,1,6,4,6,27
2188,27,1,1,1,6,4,6,28
2189,27,1,1,1,6,4,6,29
2190,27,1,1,1,6,4,6,30
2191,27,1,1,1,6,4,6,31
2192,27,1,1,1,6,4,6,32
2193,27,1,1,1,6,4,6,33
2194,27,1,1,1,6,4,6,34
2195,27,1,1,1,6,4,6,35
2196,27,1,1,1,6,4,6,36
2197,27,1,1,1,6,4,6,37
2198,27,1,1,1,6,4,6,38
2199,27,1,1,1,6,4,6,39
2200,27,1,1,1,7,3,6,40
2201,27,1,1,1,7,3,6,41
2202,27,1,1,1,7,3,6,42
2203,27,1,1,1,7,3,6,43
2204,27,1,1,1,7,3,6,44
2205,27,1,1,1,7,3,6,45
2206,27,1,1,1,7,3,6,46
2207,27,1,1,1,7,3,6,47
2208,27,1,1,1,7,3,6,48
2209,27,1,1,1,7,3,6,49
2210,27,1,1,1,7,3,6,50
2211,27,1,1,1,7,3,6,51
2212,27,1,1,1,7,3,6,52
2213,27,1,1,1,7,3,6,53
2214,27,1,1,1,7,3,6,54
2215,27,1,1,1,7,3,6,55
2216,27,1,1,1,7,3,6,56
2217,27,1,1,1,7,4,6,57
2218,27,1,1,1,7,3,6,58
2219,27,1,1,1,7,3,6,59
2220,27,1,1,1,7,3,6,60
2221,27,1,1,1,7,3,6,61
2222,27,1,1,1,7,3,6,62
2223,27,1,1,1,7,3,6,63
2224,27,1,1,1,7,3,6,64
2225,27,1,1,1,7,3,6,65
2226,27,1,1,1,7,4,6,66
2227,27,1,1,1,7,4,6,67
2228,27,1,1,1,7,4,6,68
2229,27,1,1,1,7,4,6,69
2230,27,1,1,1,7,4,6,70
2231,27,1,1,1,7,4,6,71
2232,27,1,1,1,7,4,6,72
2233,27,1,1,1,7,4,6,73
2234,27,1,1,1,7,4,6,74
2235,27,1,1,1,7,4,6,75
2236,27,1,1,1,7,4,6,76
2237,27,1,1,1,7,4,6,77
2238,27,1,1,1,7,4,6,78
2239,27,1,1,1,7,4,6,79
2240,28,1,1,1,7,3,6,0
2241,28,1,1,1,7,3,6,1
2242,28,1,1,1,7,3,6,2
2243,28,1,1,1,7,3,6,3
2244,28,1,1,1,7,3,6,4
2245,28,1,1,1,7,3,6,5
2246,28,1,1,1,7,3,6,6
2247,28,1,1,1,7,3,6,7
2248,28,1,1,1,7,3,6,8
2249,28,1,1,1,7,3,6,9
2250,28,1,1,1,7,3,6,10
2251,28,1,1,1,7,3,6,11
2252,28,1,1,1,7,3,6,12
2253,28,1,1,1,7,3,6,13
2254,28,1,1,1,7,3,6,14
2255,28,1,1,1,7,3,6,15
2256,28,1,1,1,7,3,6,16
2257,28,1,1,1,7,3,6,17
2258,28,1,1,1,7,3,6,18
2259,28,1,1,1,7,3,6,19
2260,28,1,1,1,6,3,6,20
2261,28,1,1,1,6,3,6,21
2262,28,1,1,1,6,3,6,22
2263,28,1,1,1,6,3,6,23
2264,28,1,1,1,6,3,6,24
2265,28,1,1,1,6,4,6,25
2266,28,1,1,1,6,4,6,26
2267,28,1,1,1,6,4,6,27
2268,28,1,1,1,6,4,6,28
2269,28,1,1,1,6,4,6,29
2270,28,1,1,1,6,4,6,30
2271,28,1,1,1,6,4,6,31
2272,28,1,1,1,6,4,6,32
2273,28,1,1,1,6,4,6,33
2274,28,1,1,1,6,4,6,34
2275,28,1,1,1,6,4,6,35
2276,28,1,1,1,6,4,6,36
2277,28,1,1,1,6,4,6,37
2278,28,1,1,1,6,4,6,38
2279,28,1,1,1,6,4,6,39
2280,28,1,1,1,7,3,6,40
2281,28,1,1,1,7,3,6,41
2282,28,1,1,1,7,3,6,42
2283,28,1,1,1,7,3,6,43
2284,28,1,1,1,7,3,6,44
2285,28,1,1,1,7,3,6,45
2286,28,1,1,1,7,3,6,46
2287,28,1,1,1,7,3,6,47
2288,28,1,1,1,7,3,6,48
2289,28,1,1,1,7,3,6,49
2290,28,1,1,1,7,3,6,50
2291,28,1,1,1,7,3,6,51
2292,28,1,1,1,7,3,6,52
2293,28,1,1,1,7,3,6,53
2294,28,1,1,1,7,4,6,54
2295,28,1,1,1,7,4,6,55
2296,28,1,1,1,7,4,6,56
2297,28,1,1,1,7,4,6,57
2298,28,1,1,1,7,3,6,58
2299,28,1,1,1,7,4,6,59
2300,28,1,1,1,7,3,6,60
2301,28,1,1,1,7,3,6,61
2302,28,1,1,1,7,3,6,62
2303,28,1,1,1,7,3,6,63
2304,28,1,1,1,7,3,6,64
2305,28,1,1,1,7,4,6,65
2306,28,1,1,1,7,4,6,66
2307,28,1,1,1,7,4,6,67
2308,28,1,1,1,7,4,6,68
2309,28,1,1,1,7,4,6,69
2310,28,1,1,1,7,4,6,70
2311,28,1,1,1,7,4,6,71
2312,28,1,1,1,7,4,6,72
2313,28,1,1,1,7,4,6,73
2314,28,1,1,1,7,4,6,74
2315,28,1,1,1,7,4,6,75
2316,28,1,1,1,7,4,6,76
2317,28,1,1,1,7,4,6,77
2318,28,1,1,1,7,4,6,78
2319,28,1,1,1,7,4,6,79
2320,29,1,1,1,6,3,6,0
2321,29,1,1,1,6,3,6,1
2322,29,1,1,1,6,3,6,2
2323,29,1,1,1,6,3,6,3
2324,29,1,1,1,6,3,6,4
2325,29,1,1,1,6,3,6,5
2326,29,1,1,1,6,3,6,6
2327,29,1,1,1,6,3,6,7
2328,29,1,1,1,6,3,6,8
2329,29,1,1,1,6,3,6,9
2330,29,1,1,1,6,3,6,10
2331,29,1,1,1,6,3,6,11
2332,29,1,1,1,6,3,6,12
2333,29,1,1,1,6,3,6,13
2334,29,1,1,1,6,3,6,14
2335,29,1,1,1,6,3,6,15
2336,29,1,1,1,6,3,6,16
2337,29,1,1,1,6,3,6,17
2338,29,1,1,1,6,3,6,18
2339,29,1,1,1,6,3,6,19
2340,29,1,1,1,6,2,6,20
2341,29,1,1,1,6,3,6,21
2342,29,1,1,1,6,3,6,22
2343,29,1,1,1,6,3,6,23
2344,29,1,1,1,6,3,6,24
2345,29,1,1,1,6,4,6,25
2346,29,1,1,1,6,4,6,26
2347,29,1,1,1,6,4,6,27
2348,29,1,1,1,6,4,6,28
2349,29,1,1,1,6,4,6,29
2350,29,1,1,1,6,4,6,30
2351,29,1,1,1,6,4,6,31
2352,29,1,1,1,6,4,6,32
2353,29,1,1,1,6,4,6,33
2354,29,1,1,1,6,4,6,34
2355,29,1,1,1,6,4,6,35
2356,29,1,1,1,6,4,6,36
2357,29,1,1,1,6,4,6,37
2358,29,1,1,1,6,4,6,38
2359,29,1,1,1,6,4,6,39
2360,29,1,1,1,6,3,6,40
2361,29,1,1,1,6,3,6,41
2362,29,1,1,1,6,3,6,42
2363,29,1,1,1,6,3,6,43
2364,29,1,1,1,6,3,6,44
2365,29,1,1,1,6,3,6,45
2366,29,1,1,1,6,3,6,46
2367,29,1,1,1,6,3,6,47
2368,29,1,1,1,6,3,6,48
2369,29,1,1,1,6,3,6,49
2370,29,1,1,1,6,3,6,50
2371,29,1,1,1,6,3,6,51
2372,29,1,1,1,6,3,6,52
2373,29,1,1,1,6,3,6,53
2374,29,1,1,1,6,4,6,54
2375,29,1,1,1,6,3,6,55
2376,29,1,1,1,6,4,6,56
2377,29,1,1,1,6,4,6,57
2378,29,1,1,1,6,3,6,58
2379,29,1,1,1,6,4,6,59
2380,29,1,1,1,7,3,6,60
2381,29,1,1,1,7,3,6,61
2382,29,1,1,1,7,3,6,62
2383,29,1,1,1,7,3,6,63
2384,29,1,1,1,7,3,6,64
2385,29,1,1,1,7,3,6,65
2386,29,1,1,1,7,4,6,66
2387,29,1,1,1,7,4,6,67
2388,29,1,1,1,7,4,6,68
2389,29,1,1,1,7,4,6,69
2390,29,1,1,1,7,4,6,70
2391,29,1,1,1,7,4,6,71
2392,29,1,1,1,7,4,6,72
2393,29,1,1,1,7,4,6,73
2394,29,1,1,1,7,4,6,74
2395,29,1,1,1,7,4,6,75
2396,29,1,1,1,7,4,6,76
2397,29,1,1,1,7,4,6,77
2398,29,1,1,1,7,4,6,78
2399,29,1,1,1,7,4,6,79
2400,30,1,1,1,6,3,6,0
2401,30,1,1,1,6,3,6,1
2402,30,1,1,1,6,3,6,2
2403,30,1,1,1,6,3,6,3
2404,30,1,1,1,6,3,6,4
2405,30,1,1,1,6,3,6,5
2406,30,1,1,1,6,3,6,6
2407,30,1,1,1,6,3,6,7
2408,30,1,1,1,6,3,6,8
2409,30,1,1,1,6,3,6,9
2410,30,1,1,1,6,3,6,10
2411,30,1,1,1,6,3,6,11
2412,30,1,1,1,6,3,6,12
2413,30,1,1,1,6,3,6,13
2414,30,1,1,1,6,3,6,14
2415,30,1,1,1,6,3,6,15
2416,30,1,1,1,6,3,6,16
2417,30,1,1,1,6,3,6,17
2418,30,1,1,1,6,3,6,18
2419,30,1,1,1,6,3,6,19
2420,30,1,1,1,6,3,6,20
2421,30,1,1,1,6,3,6,21
2422,30,1,1,1,6,3,6,22
2423,30,1,1,1,6,3,6,23
2424,30,1,1,1,6,3,6,24
2425,30,1,1,1,6,4,6,25
2426,30,1,1,1,6,4,6,26
2427,30,1,1,1,6,4,6,27
2428,30,1,1,1,6,4,6,28
2429,30,1,1,1,6,4,6,29
2430,30,1,1,1,6,4,6,30
2431,30,1,1,1,6,4,6,31
2432,30,1,1,1,6,4,6,32
2433,30,1,1,1,6,4,6,33
2434,30,1,1,1,6,4,6,34
2435,30,1,1,1,6,4,6,35
2436,30,1,1,1,6,4,6,36
2437,30,1,1,1,6,4,6,37
2438,30,1,1,1,6,4,6,38
2439,30,1,1,1,6,4,6,39
2440,30,1,1,1,7,3,6,40
2441,30,1,1,1,7,3,6,41
2442,30,1,1,1,7,3,6,42
2443,30,1,1,1,7,3,6,43
2444,30,1,1,1,7,3,6,44
2445,30,1,1,1,7,3,6,45
2446,30,1,1,1,7,3,6,46
2447,30,1,1,1,7,3,6,47
2448,30,1,1,1,7,3,6,48
2449,30,1,1,1,7,3,6,49
2450,30,1,1,1,7,3,6,50
2451,30,1,1,1,7,3,6,51
2452,30,1,1,1,7,3,6,52
2453,30,1,1,1,7,3,6,53
2454,30,1,1,1,7,4,6,54
2455,30,1,1,1,7,3,6,55
2456,30,1,1,1,7,3,6,56
2457,30,1,1,1,7,4,6,57
2458,30,1,1,1,7,3,6,58
2459,30,1,1,1,7,3,6,59
2460,30,1,1,1,7,3,6,60
2461,30,1,1,1,7,3,6,61
2462,30,1,1,1,7,3,6,62
2463,30,1,1,1,7,3,6,63
2464,30,1,1,1,7,4,6,64
2465,30,1,1,1,7,4,6,65
2466,30,1,1,1,7,4,6,66
2467,30,1,1,1,7,4,6,67
2468,30,1,1,1,7,4,6,68
2469,30,1,1,1,7,4,6,69
2470,30,1,1,1,7,4,6,70
2471,30,1,1,1,7,4,6,71
2472,30,1,1,1,7,4,6,72
2473,30,1,1,1,7,4,6,73
2474,30,1,1,1,7,4,6,74
2475,30,1,1,1,7,4,6,75
2476,30,1,1,1,7,4,6,76
2477,30,1,1,1,7,4,6,77
2478,30,1,1,1,7,4,6,78
2479,30,1,1,1,7,4,6,79
2480,31,1,1,1,6,3,6,0
2481,31,1,1,1,6,3,6,1
2482,31,1,1,1,6,3,6,2
2483,31,1,1,1,6,3,6,3
2484,31,1,1,1,6,3,6,4
2485,31,1,1,1,6,3,6,5
2486,31,1,1,1,6,3,6,6
2487,31,1,1,1,6,3,6,7
2488,31,1,1,1,6,3,6,8
2489,31,1,1,1,6,3,6,9
2490,31,1,1,1,6,3,6,10
2491,31,1,1,1,6,3,6,11
2492,31,1,1,1,6,3,6,12
2493,31,1,1,1,6,3,6,13
2494,31,1,1,1,6,3,6,14
2495,31,1,1,1,6,3,6,15
2496,31,1,1,1,6,3,6,16
2497,31,1,1,1,6,4,6,17
2498,31,1,1,1,6,4,6,18
2499,31,1,1,1,6,4,6,19
2500,31,1,1,1,6,3,6,20
2501,31,1,1,1,6,3,6,21
2502,31,1,1,1,6,3,6,22
2503,31,1,1,1,6,3,6,23
2504,31,1,1,1,6,3,6,24
2505,31,1,1,1,6,4,6,25
2506,31,1,1,1,6,4,6,26
2507,31,1,1,1,6,4,6,27
2508,31,1,1,1,6,4,6,28
2509,31,1,1,1,6,4,6,29
2510,31,1,1,1,6,4,6,30
2511,31,1,1,1,6,4,6,31
2512,31,1,1,1,6,4,6,32
2513,31,1,1,1,6,4,6,33
2514,31,1,1,1,6,4,6,34
2515,31,1,1,1,6,4,6,35
2516,31,1,1,1,6,4,6,36
2517,31,1,1,1,6,4,6,37
2518,31,1,1,1,6,4,6,38
2519,31,1,1,1,6,4,6,39
2520,31,1,1,1,7,3,6,40
2521,31,1,1,1,7,3,6,41
2522,31,1,1,1,7,3,6,42
2523,31,1,1,1,7,3,6,43
2524,31,1,1,1,7,3,6,44
2525,31,1,1,1,7,3,6,45
2526,31,1,1,1,7,3,6,46
2527,31,1,1,1,7,3,6,47
2528,31,1,1,1,7,3,6,48
2529,31,1,1,1,7,3,6,49
2530,31,1,1,1,7,3,6,50
2531,31,1,1,1,7,3,6,51
2532,31,1,1,1,7,3,6,52
2533,31,1,1,1,7,3,6,53
2534,31,1,1,1,7,3,6,54
2535,31,1,1,1,7,3,6,55
2536,31,1,1,1,7,3,6,56
2537,31,1,1,1,7,4,6,57
2538,31,1,1,1,7,3,6,58
2539,31,1,1,1,7,3,6,59
2540,31,1,1,1,7,3,6,60
2541,31,1,1,1,7,3,6,61
2542,31,1,1,1,7,3,6,62
2543,31,1,1,1,7,3,6,63
2544,31,1,1,1,7,4,6,64
2545,31,1,1,1,7,4,6,65
2546,31,1,1,1,7,4,6,66
2547,31,1,1,1,7,4,6,67
2548,31,1,1,1,7,4,6,68
2549,31,1,1,1,7,4,6,69
2550,31,1,1,1,7,4,6,70
2551,31,1,1,1,7,4,6,71
2552,31,1,1,1,7,4,6,72
2553,31,1,1,1,7,4,6,73
2554,31,1,1,1,7,4,6,74
2555,31,1,1,1,7,4,6,75
2556,31,1,1,1,7,4,6,76
2557,31,1,1,1,7,4,6,77
2558,31,1,1,1,7,4,6,78
2559,31,1,1,1,7,4,6,79
2560,32,1,1,1,6,3,6,0
2561,32,1,1,1,6,3,6,1
2562,32,1,1,1,6,3,6,2
2563,32,1,1,1,6,2,6,3
2564,32,1,1,1,6,3,6,4
2565,32,1,1,1,6,3,6,5
2566,32,1,1,1,6,3,6,6
2567,32,1,1,1,6,3,6,7
2568,32,1,1,1,6,3,6,8
2569,32,1,1,1,6,3,6,9
2570,32,1,1,1,6,3,6,10
2571,32,1,1,1,6,3,6,11
2572,32,1,1,1,6,3,6,12
2573,32,1,1,1,6,3,6,13
2574,32,1,1,1,6,3,6,14
2575,32,1,1,1,6,3,6,15
2576,32,1,1,1,6,3,6,16
2577,32,1,1,1,6,3,6,17
2578,32,1,1,1,6,3,6,18
2579,32,1,1,1,6,3,6,19
2580,32,1,1,1,6,3,6,20
2581,32,1,1,1,6,3,6,21
2582,32,1,1,1,6,3,6,22
2583,32,1,1,1,6,3,6,23
2584,32,1,1,1,6,3,6,24
2585,32,1,1,1,6,4,6,25
2586,32,1,1,1,6,4,6,26
2587,32,1,1,1,6,4,6,27
2588,32,1,1,1,6,4,6,28
2589,32,1,1,1,6,4,6,29
2590,32,1,1,1,6,4,6,30
2591,32,1,1,1,6,4,6,31
2592,32,1,1,1,6,4,6,32
2593,32,1,1,1,6,4,6,33
2594,32,1,1,1,6,4,6,34
2595,32,1,1,1,6,4,6,35
2596,32,1,1,1,6,4,6,36
2597,32,1,1,1,6,4,6,37
2598,32,1,1,1,6,4,6,38
2599,32,1,1,1,6,4,6,39
2600,32,1,1,1,7,3,6,40
2601,32,1,1,1,7,3,6,41
2602,32,1,1,1,7,3,6,42
2603,32,1,1,1,7,3,6,43
2604,32,1,1,1,7,3,6,44
2605,32,1,1,1,7,3,6,45
2606,32,1,1,1,7,3,6,46
2607,32,1,1,1,7,3,6,47
2608,32,1,1,1,7,3,6,48
2609,32,1,1,1,7,3,6,49
2610,32,1,1,1,7,3,6,50
2611,32,1,1,1,7,3,6,51
2612,32,1,1,1,7,3,6,52
2613,32,1,1,1,7,3,6,53
2614,32,1,1,1,7,3,6,54
2615,32,1,1,1,7,3,6,55
2616,32,1,1,1,7,3,6,56
2617,32,1,1,1,7,4,6,57
2618,32,1,1,1,7,3,6,58
2619,32,1,1,1,7,3,6,59
2620,32,1,1,1,7,3,6,60
2621,32,1,1,1,7,3,6,61
2622,32,1,1,1,7,3,6,62
2623,32,1,1,1,7,3,6,63
2624,32,1,1,1,7,3,6,64
2625,32,1,1,1,7,3,6,65
2626,32,1,1,1,7,4,6,66
2627,32,1,1,1,7,4,6,67
2628,32,1,1,1,7,4,6,68
2629,32,1,1,1,7,4,6,69
2630,32,1,1,1,7,4,6,70
2631,32,1,1,1,7,4,6,71
2632,32,1,1,1,7,4,6,72
2633,32,1,1,1,7,4,6,73
2634,32,1,1,1,7,4,6,74
2635,32,1,1,1,7,4,6,75
2636,32,1,1,1,7,4,6,76
2637,32,1,1,1,7,4,6,77
2638,32,1,1,1,7,4,6,78
2639,32,1,1,1,7,4,6,79
2640,33,1,1,1,6,3,6,0
2641,33,1,1,1,6,3,6,1
2642,33,1,1,1,6,3,6,2
2643,33,1,1,1,6,3,6,3
2644,33,1,1,1,6,3,6,4
2645,33,1,1,1,6,3,6,5
2646,33,1,1,1,6,3,6,6
2647,33,1,1,1,6,3,6,7
2648,33,1,1,1,6,3,6,8
2649,33,1,1,1,6,3,6,9
2650,33,1,1,1,6,3,6,10
2651,33,1,1,1,6,3,6,11
2652,33,1,1,1,6,3,6,12
2653,33,1,1,1,6,3,6,13
2654,33,1,1,1,6,3,6,14
2655,33,1,1,1,6,3,6,15
2656,33,1,1,1,6,3,6,16
2657,33,1,1,1,6,4,6,17
2658,33,1,1,1,6,3,6,18
2659,33,1,1,1,6,4,6,19
2660,33,1,1,1,6,3,6,20
2661,33,1,1,1,6,3,6,21
2662,33,1,1,1,6,3,6,22
2663,33,1,1,1,6,3,6,23
2664,33,1,1,1,6,3,6,24
2665,33,1,1,1,6,4,6,25
2666,33,1,1,1,6,4,6,26
2667,33,1,1,1,6,4,6,27
2668,33,1,1,1,6,4,6,28
2669,33,1,1,1,6,4,6,29
2670,33,1,1,1,6,4,6,30
2671,33,1,1,1,6,4,6,31
2672,33,1,1,1,6,4,6,32
2673,33,1,1,1,6,4,6,33
2674,33,1,1,1,6,4,6,34
2675,33,1,1,1,6,4,6,35
2676,33,1,1,1,6,4,6,36
2677,33,1,1,1,6,4,6,37
2678,33,1,1,1,6,4,6,38
2679,33,1,1,1,6,4,6,39
2680,33,1,1,1,6,3,6,40
2681,33,1,1,1,6,3,6,41
2682,33,1,1,1,6,3,6,42
2683,33,1,1,1,6,3,6,43
2684,33,1,1,1,6,3,6,44
2685,33,1,1,1,6,3,6,45
2686,33,1,1,1,6,3,6,46
2687,33,1,1,1,6,3,6,47
2688,33,1,1,1,6,3,6,48
2689,33,1,1,1,6,3,6,49
2690,33,1,1,1,6,3,6,50
2691,33,1,1,1,6,3,6,51
2692,33,1,1,1,6,3,6,52
2693,33,1,1,1,6,3,6,53
2694,33,1,1,1,6,4,6,54
2695,33,1,1,1,6,3,6,55
2696,33,1,1,1,6,4,6,56
2697,33,1,1,1,6,4,6,57
2698,33,1,1,1,6,3,6,58
2699,33,1,1,1,6,3,6,59
2700,33,1,1,1,7,3,6,60
2701,33,1,1,1,7,3,6,61
2702,33,1,1,1,7,3,6,62
2703,33,1,1,1,7,3,6,63
2704,33,1,1,1,7,4,6,64
2705,33,1,1,1,7,4,6,65
2706,33,1,1,1,7,4,6,66
2707,33,1,1,1,7,4,6,67
2708,33,1,1,1,7,4,6,68
2709,33,1,1,1,7,4,6,69
2710,33,1,1,1,7,4,6,70
2711,33,1,1,1,7,4,6,71
2712,33,1,1,1,7,4,6,72
2713,33,1,1,1,7,4,6,73
2714,33,1,1,1,7,4,6,74
2715,33,1,1,1,7,4,6,75
2716,33,1,1,1,7,4,6,76
2717,33,1,1,1,7,4,6,77
2718,33,1,1,1,7,4,6,78
2719,33,1,1,1,7,4,6,79
2720,34,1,1,1,6,3,6,0
2721,34,1,1,1,6,3,6,1
2722,34,1,1,1,6,3,6,2
2723,34,1,1,1,6,3,6,3
2724,34,1,1,1,6,3,6,4
2725,34,1,1,1,6,3,6,5
2726,34,1,1,1,6,3,6,6
2727,34,1,1,1,6,3,6,7
2728,34,1,1,1,6,3,6,8
2729,34,1,1,1,6,3,6,9
2730,34,1,1,1,6,3,6,10
2731,34,1,1,1,6,3,6,11
2732,34,1,1,1,6,3,6,12
2733,34,1,1,1,6,3,6,13
2734,34,1,1,1,6,3,6,14
2735,34,1,1,1,6,3,6,15
2736,34,1,1,1,6,3,6,16
2737,34,1,1,1,6,3,6,17
2738,34,1,1,1,6,3,6,18
2739,34,1,1,1,6,3,6,19
2740,34,1,1,1,6,3,6,20
2741,34,1,1,1,6,3,6,21
2742,34,1,1,1,6,3,6,22
2743,34,1,1,1,6,3,6,23
2744,34,1,1,1,6,3,6,24
2745,34,1,1,1,6,4,6,25
2746,34,1,1,1,6,4,6,26
2747,34,1,1,1,6,4,6,27
2748,34,1,1,1,6,4,6,28
2749,34,1,1,1,6,4,6,29
2750,34,1,1,1,6,4,6,30
2751,34,1,1,1,6,4,6,31
2752,34,1,1,1,6,4,6,32
2753,34,1,1,1,6,4,6,33
2754,34,1,1,1,6,4,6,34
2755,34,1,1,1,6,4,6,35
2756,34,1,1,1,6,4,6,36
2757,34,1,1,1,6,4,6,37
2758,34,1,1,1,6,4,6,38
2759,34,1,1,1,6,4,6,39
2760,34,1,1,1,6,3,6,40
2761,34,1,1,1,6,3,6,41
2762,34,1,1,1,6,3,6,42
2763,34,1,1,1,6,3,6,43
2764,34,1,1,1,6,3,6,44
2765,34,1,1,1,6,3,6,45
2766,34,1,1,1,6,3,6,46
2767,34,1,1,1,6,3,6,47
2768,34,1,1,1,6,3,6,48
2769,34,1,1,1,6,3,6,49
2770,34,1,1,1,6,3,6,50
2771,34,1,1,1,6,3,6,51
2772,34,1,1,1,6,3,6,52
2773,34,1,1,1,6,3,6,53
2774,34,1,1,1,6,4,6,54
2775,34,1,1,1,6,3,6,55
2776,34,1,1,1,6,3,6,56
2777,34,1,1,1,6,4,6,57
2778,34,1,1,1,6,3,6,58
2779,34,1,1,1,6,3,6,59
2780,34,1,1,1,7,3,6,60
2781,34,1,1,1,7,3,6,61
2782,34,1,1,1,7,3,6,62
2783,34,1,1,1,7,3,6,63
2784,34,1,1,1,7,3,6,64
2785,34,1,1,1,7,3,6,65
2786,34,1,1,1,7,4,6,66
2787,34,1,1,1,7,4,6,67
2788,34,1,1,1,7,4,6,68
2789,34,1,1,1,7,4,6,69
2790,34,1,1,1,7,4,6,70
2791,34,1,1,1,7,4,6,71
2792,34,1,1,1,7,4,6,72
2793,34,1,1,1,7,4,6,73
2794,34,1,1,1,7,4,6,74
2795,34,1,1,1,7,4,6,75
2796,34,1,1,1,7,4,6,76
2797,34,1,1,1,7,4,6,77
2798,34,1,1,1,7,4,6,78
2799,34,1,1,1,7,4,6,79
2800,35,1,1,1,6,3,6,0
2801,35,1,1,1,6,3,6,1
2802,35,1,1,1,6,3,6,2
2803,35,1,1,1,6,3,6,3
2804,35,1,1,1,6,3,6,4
2805,35,1,1,1,6,3,6,5
2806,35,1,1,1,6,3,6,6
2807,35,1,1,1,6,3,6,7
2808,35,1,1,1,6,3,6,8
2809,35,1,1,1,6,3,6,9
2810,35,1,1,1,6,3,6,10
2811,35,1,1,1,6,3,6,11
2812,35,1,1,1,6,3,6,12
2813,35,1,1,1,6,3,6,13
2814,35,1,1,1,6,3,6,14
2815,35,1,1,1,6,3,6,15
2816,35,1,1,1,6,3,6,16
2817,35,1,1,1,6,3,6,17
2818,35,1,1,1,6,3,6,18
2819,35,1,1,1,6,3,6,19
2820,35,1,1,1,6,3,6,20
2821,35,1,1,1,6,3,6,21
2822,35,1,1,1,6,3,6,22
2823,35,1,1,1,6,3,6,23
2824,35,1,1,1,6,3,6,24
2825,35,1,1,1,6,4,6,25
2826,35,1,1,1,6,4,6,26
2827,35,1,1,1,6,4,6,27
2828,35,1,1,1,6,4,6,28
2829,35,1,1,1,6,4,6,29
2830,35,1,1,1,6,4,6,30
2831,35,1,1,1,6,4,6,31
2832,35,1,1,1,6,4,6,32
2833,35,1,1,1,6,4,6,33
2834,35,1,1,1,6,4,6,34
2835,35,1,1,1,6,4,6,35
2836,35,1,1,1,6,4,6,36
2837,35,1,1,1,6,4,6,37
2838,35,1,1,1,6,4,6,38
2839,35,1,1,1,6,4,6,39
2840,35,1,1,1,6,3,6,40
2841,35,1,1,1,6,3,6,41
2842,35,1,1,1,6,3,6,42
2843,35,1,1,1,6,3,6,43
2844,35,1,1,1,6,3,6,44
2845,35,1,1,1,6,3,6,45
2846,35,1,1,1,6,3,6,46
2847,35,1,1,1,6,3,6,47
2848,35,1,1,1,6,3,6,48
2849,35,1,1,1,6,3,6,49
2850,35,1,1,1,6,3,6,50
2851,35,1,1,1,6,3,6,51
2852,35,1,1,1,6,3,6,52
2853,35,1,1,1,6,3,6,53
2854,35,1,1,1,6,4,6,54
2855,35,1,1,1,6,3,6,55
2856,35,1,1,1,6,4,6,56
2857,35,1,1,1,6,4,6,57
2858,35,1,1,1,6,3,6,58
2859,35,1,1,1,6,4,6,59
2860,35,1,1,1,6,3,6,60
2861,35,1,1,1,6,3,6,61
2862,35,1,1,1,6,3,6,62
2863,35,1,1,1,6,3,6,63
2864,35,1,1,1,6,3,6,64
2865,35,1,1,1,6,3,6,65
2866,35,1,1,1,6,4,6,66
2867,35,1,1,1,6,4,6,67
2868,35,1,1,1,6,4,6,68
2869,35,1,1,1,6,4,6,69
2870,35,1,1,1,6,4,6,70
2871,35,1,1,1,6,4,6,71
2872,35,1,1,1,6,4,6,72
2873,35,1,1,1,6,4,6,73
2874,35,1,1,1,6,4,6,74
2875,35,1,1,1,6,4,6,75
2876,35,1,1,1,6,4,6,76
2877,35,1,1,1,6,4,6,77
2878,35,1,1,1,6,4,6,78
2879,35,1,1,1,6,4,6,79
2880,36,1,1,1,6,3,6,0
2881,36,1,1,1,6,3,6,1
2882,36,1,1,1,6,3,6,2
2883,36,1,1,1,6,3,6,3
2884,36,1,1,1,6,3,6,4
2885,36,1,1,1,6,3,6,5
2886,36,1,1,1,6,3,6,6
2887,36,1,1,1,6,3,6,7
2888,36,1,1,1,6,3,6,8
2889,36,1,1,1,6,3,6,9
2890,36,1,1,1,6,3,6,10
2891,36,1,1,1,6,3,6,11
2892,36,1,1,1,6,3,6,12
2893,36,1,1,1,6,3,6,13
2894,36,1,1,1,6,3,6,14
2895,36,1,1,1,6,3,6,15
2896,36,1,1,1,6,3,6,16
2897,36,1,1,1,6,3,6,17
2898,36,1,1,1,6,3,6,18
2899,36,1,1,1,6,3,6,19
2900,36,1,1,1,6,3,6,20
2901,36,1,1,1,6,3,6,21
2902,36,1,1,1,6,3,6,22
2903,36,1,1,1,6,3,6,23
2904,36,1,1,1,6,3,6,24
2905,36,1,1,1,6,4,6,25
2906,36,1,1,1,6,4,6,26
2907,36,1,1,1,6,4,6,27
2908,36,1,1,1,6,4,6,28
2909,36,1,1,1,6,4,6,29
2910,36,1,1,1,6,4,6,30
2911,36,1,1,1,6,4,6,31
2912,36,1,1,1,6,4,6,32
2913,36,1,1,1,6,4,6,33
2914,36,1,1,1,6,4,6,34
2915,36,1,1,1,6,4,6,35
2916,36,1,1,1,6,4,6,36
2917,36,1,1,1,6,4,6,37
2918,36,1,1,1,6,4,6,38
2919,36,1,1,1,6,4,6,39
2920,36,1,1,1,7,3,6,40
2921,36,1,1,1,7,3,6,41
2922,36,1,1,1,7,3,6,42
2923,36,1,1,1,7,3,6,43
2924,36,1,1,1,7,3,6,44
2925,36,1,1,1,7,3,6,45
2926,36,1,1,1,7,3,6,46
2927,36,1,1,1,7,3,6,47
2928,36,1,1,1,7,3,6,48
2929,36,1,1,1,7,3,6,49
2930,36,1,1,1,7,3,6,50
2931,36,1,1,1,7,3,6,51
2932,36,1,1,1,7,3,6,52
2933,36,1,1,1,7,3,6,53
2934,36,1,1,1,7,4,6,54
2935,36,1,1,1,7,3,6,55
2936,36,1,1,1,7,3,6,56
2937,36,1,1,1,7,4,6,57
2938,36,1,1,1,7,3,6,58
2939,36,1,1,1,7,3,6,59
2940,36,1,1,1,7,3,6,60
2941,36,1,1,1,7,3,6,61
2942,36,1,1,1,7,3,6,62
2943,36,1,1,1,7,3,6,63
2944,36,1,1,1,7,3,6,64
2945,36,1,1,1,7,3,6,65
2946,36,1,1,1,7,4,6,66
2947,36,1,1,1,7,4,6,67
2948,36,1,1,1,7,4,6,68
2949,36,1,1,1,7,4,6,69
2950,36,1,1,1,7,4,6,70
2951,36,1,1,1,7,4,6,71
2952,36,1,1,1,7,4,6,72
2953,36,1,1,1,7,4,6,73
2954,36,1,1,1,7,4,6,74
2955,36,1,1,1,7,4,6,75
2956,36,1,1,1,7,4,6,76
2957,36,1,1,1,7,4,6,77
2958,36,1,1,1,7,4,6,78
2959,36,1,1,1,7,4,6,79
2960,37,1,1,1,6,3,6,0
2961,37,1,1,1,6,3,6,1
2962,37,1,1,1,6,3,6,2
2963,37,1,1,1,6,3,6,3
2964,37,1,1,1,6,3,6,4
2965,37,1,1,1,6,3,6,5
2966,37,1,1,1,6,3,6,6
2967,37,1,1,1,6,3,6,7
2968,37,1,1,1,6,3,6,8
2969,37,1,1,1,6,3,6,9
2970,37,1,1,1,6,3,6,10
2971,37,1,1,1,6,3,6,11
2972,37,1,1,1,6,3,6,12
2973,37,1,1,1,6,3,6,13
2974,37,1,1,1,6,3,6,14
2975,37,1,1,1,6,3,6,15
2976,37,1,1,1,6,3,6,16
2977,37,1,1,1,6,3,6,17
2978,37,1,1,1,6,3,6,18
2979,37,1,1,1,6,3,6,19
2980,37,1,1,1,6,3,6,20
2981,37,1,1,1,6,3,6,21
2982,37,1,1,1,6,3,6,22
2983,37,1,1,1,6,3,6,23
2984,37,1,1,1,6,3,6,24
2985,37,1,1,1,6,4,6,25
2986,37,1,1,1,6,4,6,26
2987,37,1,1,1,6,4,6,27
2988,37,1,1,1,6,4,6,28
2989,37,1,1,1,6,4,6,29
2990,37,1,1,1,6,4,6,30
2991,37,1,1,1,6,4,6,31
2992,37,1,1,1,6,4,6,32
2993,37,1,1,1,6,4,6,33
2994,37,1,1,1,6,4,6,34
2995,37,1,1,1,6,4,6,35
2996,37,1,1,1,6,4,6,36
2997,37,1,1,1,6,4,6,37
2998,37,1,1,1,6,4,6,38
2999,37,1,1,1,6,4,6,39
3000,37,1,1,1,6,3,6,40
3001,37,1,1,1,6,3,6,41
3002,37,1,1,1,6,3,6,42
3003,37,1,1,1,6,3,6,43
3004,37,1,1,1,6,3,6,44
3005,37,1,1,1,6,3,6,45
3006,37,1,1,1,6,3,6,46
3007,37,1,1,1,6,3,6,47
3008,37,1,1,1,6,3,6,48
3009,37,1,1,1,6,3,6,49
3010,37,1,1,1,6,3,6,50
3011,37,1,1,1,6,3,6,51
3012,37,1,1,1,6,3,6,52
3013,37,1,1,1,6,3,6,53
3014,37,1,1,1,6,4,6,54
3015,37,1,1,1,6,3,6,55
3016,37,1,1,1,6,3,6,56
3017,37,1,1,1,6,4,6,57
3018,37,1,1,1,6,3,6,58
3019,37,1,1,1,6,3,6,59
3020,37,1,1,1,7,3,6,60
3021,37,1,1,1,7,3,6,61
3022,37,1,1,1,7,3,6,62
3023,37,1,1,1,7,3,6,63
3024,37,1,1,1,7,3,6,64
3025,37,1,1,1,7,4,6,65
3026,37,1,1,1,7,4,6,66
3027,37,1,1,1,7,4,6,67
3028,37,1,1,1,7,4,6,68
3029,37,1,1,1,7,4,6,69
3030,37,1,1,1,7,4,6,70
3031,37,1,1,1,7,4,6,71
3032,37,1,1,1,7,4,6,72
3033,37,1,1,1,7,4,6,73
3034,37,1,1,1,7,4,6,74
3035,37,1,1,1,7,4,6,75
3036,37,1,1,1,7,4,6,76
3037,37,1,1,1,7,4,6,77
3038,37,1,1,1,7,4,6,78
3039,37,1,1,1,7,4,6,79
3040,38,1,1,1,6,3,6,0
3041,38,1,1,1,6,3,6,1
3042,38,1,1,1,6,3,6,2
3043,38,1,1,1,6,3,6,3
3044,38,1,1,1,6,3,6,4
3045,38,1,1,1,6,3,6,5
3046,38,1,1,1,6,3,6,6
3047,38,1,1,1,6,3,6,7
3048,38,1,1,1,6,3,6,8
3049,38,1,1,1,6,3,6,9
3050,38,1,1,1,6,3,6,10
3051,38,1,1,1,6,3,6,11
3052,38,1,1,1,6,3,6,12
3053,38,1,1,1,6,3,6,13
3054,38,1,1,1,6,3,6,14
3055,38,1,1,1,6,3,6,15
3056,38,1,1,1,6,3,6,16
3057,38,1,1,1,6,3,6,17
3058,38,1,1,1,6,3,6,18
3059,38,1,1,1,6,3,6,19
3060,38,1,1,1,6,3,6,20
3061,38,1,1,1,6,3,6,21
3062,38,1,1,1,6,3,6,22
3063,38,1,1,1,6,3,6,23
3064,38,1,1,1,6,3,6,24
3065,38,1,1,1,6,4,6,25
3066,38,1,1,1,6,4,6,26
3067,38,1,1,1,6,4,6,27
3068,38,1,1,1,6,4,6,28
3069,38,1,1,1,6,4,6,29
3070,38,1,1,1,6,4,6,30
3071,38,1,1,1,6,4,6,31
3072,38,1,1,1,6,4,6,32
3073,38,1,1,1,6,4,6,33
3074,38,1,1,1,6,4,6,34
3075,38,1,1,1,6,4,6,35
3076,38,1,1,1,6,4,6,36
3077,38,1,1,1,6,4,6,37
3078,38,1,1,1,6,4,6,38
3079,38,1,1,1,6,4,6,39
3080,38,1,1,1,6,3,6,40
3081,38,1,1,1,6,3,6,41
3082,38,1,1,1,6,3,6,42
3083,38,1,1,1,6,3,6,43
3084,38,1,1,1,6,3,6,44
3085,38,1,1,1,6,3,6,45
3086,38,1,1,1,6,3,6,46
3087,38,1,1,1,6,3,6,47
3088,38,1,1,1,6,3,6,48
3089,38,1,1,1,6,3,6,49
3090,38,1,1,1,6,3,6,50
3091,38,1,1,1,6,3,6,51
3092,38,1,1,1,6,3,6,52
3093,38,1,1,1,6,3,6,53
3094,38,1,1,1,6,3,6,54
3095,38,1,1,1,6,3,6,55
3096,38,1,1,1,6,3,6,56
3097,38,1,1,1,6,4,6,57
3098,38,1,1,1,6,3,6,58
3099,38,1,1,1,6,3,6,59
3100,38,1,1,1,7,3,6,60
3101,38,1,1,1,7,3,6,61
3102,38,1,1,1,7,3,6,62
3103,38,1,1,1,7,3,6,63
3104,38,1,1,1,7,3,6,64
3105,38,1,1,1,7,3,6,65
3106,38,1,1,1,7,4,6,66
3107,38,1,1,1,7,4,6,67
3108,38,1,1,1,7,4,6,68
3109,38,1,1,1,7,4,6,69
3110,38,1,1,1,7,4,6,70
3111,38,1,1,1,7,4,6,71
3112,38,1,1,1,7,4,6,72
3113,38,1,1,1,7,4,6,73
3114,38,1,1,1,7,4,6,74
3115,38,1,1,1,7,4,6,75
3116,38,1,1,1,7,4,6,76
3117,38,1,1,1,7,4,6,77
3118,38,1,1,1,7,4,6,78
3119,38,1,1,1,7,4,6,79
3120,39,1,1,1,6,3,6,0
3121,39,1,1,1,6,3,6,1
3122,39,1,1,1,6,3,6,2
3123,39,1,1,1,6,3,6,3
3124,39,1,1,1,6,3,6,4
3125,39,1,1,1,6,3,6,5
3126,39,1,1,1,6,3,6,6
3127,39,1,1,1,6,3,6,7
3128,39,1,1,1,6,3,6,8
3129,39,1,1,1,6,3,6,9
3130,39,1,1,1,6,3,6,10
3131,39,1,1,1,6,3,6,11
3132,39,1,1,1,6,3,6,12
3133,39,1,1,1,6,3,6,13
3134,39,1,1,1,6,3,6,14
3135,39,1,1,1,6,3,6,15
3136,39,1,1,1,6,3,6,16
3137,39,1,1,1,6,4,6,17
3138,39,1,1,1,6,4,6,18
3139,39,1,1,1,6,4,6,19
3140,39,1,1,1,6,3,6,20
3141,39,1,1,1,6,3,6,21
3142,39,1,1,1,6,3,6,22
3143,39,1,1,1,6,3,6,23
3144,39,1,1,1,6,3,6,24
3145,39,1,1,1,6,4,6,25
3146,39,1,1,1,6,4,6,26
3147,39,1,1,1,6,4,6,27
3148,39,1,1,1,6,4,6,28
3149,39,1,1,1,6,4,6,29
3150,39,1,1,1,6,4,6,30
3151,39,1,1,1,6,4,6,31
3152,39,1,1,1,6,4,6,32
3153,39,1,1,1,6,4,6,33
3154,39,1,1,1,6,4,6,34
3155,39,1,1,1,6,4,6,35
3156,39,1,1,1,6,4,6,36
3157,39,1,1,1,6,4,6,37
3158,39,1,1,1,6,4,6,38
3159,39,1,1,1,6,4,6,39
3160,39,1,1,1,7,3,6,40
3161,39,1,1,1,7,3,6,41
3162,39,1,1,1,7,3,6,42
3163,39,1,1,1,7,3,6,43
3164,39,1,1,1,7,3,6,44
3165,39,1,1,1,7,3,6,45
3166,39,1,1,1,7,3,6,46
3167,39,1,1,1,7,3,6,47
3168,39,1,1,1,7,3,6,48
3169,39,1,1,1,7,3,6,49
3170,39,1,1,1,7,3,6,50
3171,39,1,1,1,7,3,6,51
3172,39,1,1,1,7,3,6,52
3173,39,1,1,1,7,3,6,53
3174,39,1,1,1,7,3,6,54
3175,39,1,1,1,7,3,6,55
3176,39,1,1,1,7,3,6,56
3177,39,1,1,1,7,4,6,57
3178,39,1,1,1,7,3,6,58
3179,39,1,1,1,7,3,6,59
3180,39,1,1,1,6,3,6,60
3181,39,1,1,1,6,3,6,61
3182,39,1,1,1,6,3,6,62
3183,39,1,1,1,6,3,6,63
3184,39,1,1,1,6,3,6,64
3185,39,1,1,1,6,3,6,65
3186,39,1,1,1,6,4,6,66
3187,39,1,1,1,6,4,6,67
3188,39,1,1,1,6,4,6,68
3189,39,1,1,1,6,4,6,69
3190,39,1,1,1,6,4,6,70
3191,39,1,1,1,6,4,6,71
3192,39,1,1,1,6,4,6,72
3193,39,1,1,1,6,4,6,73
3194,39,1,1,1,6,4,6,74
3195,39,1,1,1,6,4,6,75
3196,39,1,1,1,6,4,6,76
3197,39,1,1,1,6,4,6,77
3198,39,1,1,1,6,4,6,78
3199,39,1,1,1,6,4,6,79
3200,40,1,1,1,6,3,6,0
3201,40,1,1,1,6,3,6,1
3202,40,1,1,1,6,3,6,2
3203,40,1,1,1,6,3,6,3
3204,40,1,1,1,6,3,6,4
3205,40,1,1,1,6,3,6,5
3206,40,1,1,1,6,3,6,6
3207,40,1,1,1,6,3,6,7
3208,40,1,1,1,6,3,6,8
3209,40,1,1,1,6,3,6,9
3210,40,1,1,1,6,3,6,10
3211,40,1,1,1,6,3,6,11
3212,40,1,1,1,6,3,6,12
3213,40,1,1,1,6,3,6,13
3214,40,1,1,1,6,3,6,14
3215,40,1,1,1,6,3,6,15
3216,40,1,1,1,6,3,6,16
3217,40,1,1,1,6,4,6,17
3218,40,1,1,1,6,3,6,18
3219,40,1,1,1,6,4,6,19
3220,40,1,1,1,6,3,6,20
3221,40,1,1,1,6,3,6,21
3222,40,1,1,1,6,3,6,22
3223,40,1,1,1,6,3,6,23
3224,40,1,1,1,6,3,6,24
3225,40,1,1,1,6,4,6,25
3226,40,1,1,1,6,4,6,26
3227,40,1,1,1,6,4,6,27
3228,40,1,1,1,6,4,6,28
3229,40,1,1,1,6,4,6,29
3230,40,1,1,1,6,4,6,30
3231,40,1,1,1,6,4,6,31
3232,40,1,1,1,6,4,6,32
3233,40,1,1,1,6,4,6,33
3234,40,1,1,1,6,4,6,34
3235,40,1,1,1,6,4,6,35
3236,40,1,1,1,6,4,6,36
3237,40,1,1,1,6,4,6,37
3238,40,1,1,1,6,4,6,38
3239,40,1,1,1,6,4,6,39
3240,40,1,1,1,7,2,6,40
3241,40,1,1,1,7,3,6,41
3242,40,1,1,1,7,3,6,42
3243,40,1,1,1,7,3,6,43
3244,40,1,1,1,7,3,6,44
3245,40,1,1,1,7,3,6,45
3246,40,1,1,1,7,3,6,46
3247,40,1,1,1,7,3,6,47
3248,40,1,1,1,7,3,6,48
3249,40,1,1,1,7,3,6,49
3250,40,1,1,1,7,3,6,50
3251,40,1,1,1,7,3,6,51
3252,40,1,1,1,7,3,6,52
3253,40,1,1,1,7,3,6,53
3254,40,1,1,1,7,3,6,54
3255,40,1,1,1,7,3,6,55
3256,40,1,1,1,7,4,6,56
3257,40,1,1,1,7,4,6,57
3258,40,1,1,1,7,3,6,58
3259,40,1,1,1,7,3,6,59
3260,40,1,1,1,7,3,6,60
3261,40,1,1,1,7,3,6,61
3262,40,1,1,1,7,3,6,62
3263,40,1,1,1,7,3,6,63
3264,40,1,1,1,7,4,6,64
3265,40,1,1,1,7,3,6,65
3266,40,1,1,1,7,4,6,66
3267,40,1,1,1,7,4,6,67
3268,40,1,1,1,7,4,6,68
3269,40,1,1,1,7,4,6,69
3270,40,1,1,1,7,4,6,70
3271,40,1,1,1,7,4,6,71
3272,40,1,1,1,7,4,6,72
3273,40,1,1,1,7,4,6,73
3274,40,1,1,1,7,4,6,74
3275,40,1,1,1,7,4,6,75
3276,40,1,1,1,7,4,6,76
3277,40,1,1,1,7,4,6,77
3278,40,1,1,1,7,4,6,78
3279,40,1,1,1,7,4,6,79
3280,41,1,1,1,6,3,6,0
3281,41,1,1,1,6,3,6,1
3282,41,1,1,1,6,3,6,2
3283,41,1,1,1,6,3,6,3
3284,41,1,1,1,6,3,6,4
3285,41,1,1,1,6,3,6,5
3286,41,1,1,1,6,3,6,6
3287,41,1,1,1,6,3,6,7
3288,41,1,1,1,6,3,6,8
3289,41,1,1,1,6,3,6,9
3290,41,1,1,1,6,3,6,10
3291,41,1,1,1,6,3,6,11
3292,41,1,1,1,6,3,6,12
3293,41,1,1,1,6,3,6,13
3294,41,1,1,1,6,3,6,14
3295,41,1,1,1,6,3,6,15
3296,41,1,1,1,6,3,6,16
3297,41,1,1,1,6,3,6,17
3298,41,1,1,1,6,3,6,18
3299,41,1,1,1,6,3,6,19
3300,41,1,1,1,6,3,6,20
3301,41,1,1,1,6,3,6,21
3302,41,1,1,1,6,3,6,22
3303,41,1,1,1,6,3,6,23
3304,41,1,1,1,6,3,6,24
3305,41,1,1,1,6,4,6,25
3306,41,1,1,1,6,4,6,26
3307,41,1,1,1,6,4,6,27
3308,41,1,1,1,6,4,6,28
3309,41,1,1,1,6,4,6,29
3310,41,1,1,1,6,4,6,30
3311,41,1,1,1,6,4,6,31
3312,41,1,1,1,6,4,6,32
3313,41,1,1,1,6,4,6,33
3314,41,1,1,1,6,4,6,34
3315,41,1,1,1,6,4,6,35
3316,41,1,1,1,6,4,6,36
3317,41,1,1,1,6,4,6,37
3318,41,1,1,1,6,4,6,38
3319,41,1,1,1,6,4,6,39
3320,41,1,1,1,6,3,6,40
3321,41,1,1,1,6,3,6,41
3322,41,1,1,1,6,3,6,42
3323,41,1,1,1,6,3,6,43
3324,41,1,1,1,6,3,6,44
3325,41,1,1,1,6,3,6,45
3326,41,1,1,1,6,3,6,46
3327,41,1,1,1,6,3,6,47
3328,41,1,1,1,6,3,6,48
3329,41,1,1,1,6,3,6,49
3330,41,1,1,1,6,3,6,50
3331,41,1,1,1,6,3,6,51
3332,41,1,1,1,6,3,6,52
3333,41,1,1,1,6,3,6,53
3334,41,1,1,1,6,3,6,54
3335,41,1,1,1,6,3,6,55
3336,41,1,1,1,6,3,6,56
3337,41,1,1,1,6,4,6,57
3338,41,1,1,1,6,3,6,58
3339,41,1,1,1,6,3,6,59
3340,41,1,1,1,7,3,6,60
3341,41,1,1,1,7,3,6,61
3342,41,1,1,1,7,3,6,62
3343,41,1,1,1,7,3,6,63
3344,41,1,1,1,7,3,6,64
3345,41,1,1,1,7,3,6,65
3346,41,1,1,1,7,4,6,66
3347,41,1,1,1,7,4,6,67
3348,41,1,1,1,7,4,6,68
3349,41,1,1,1,7,4,6,69
3350,41,1,1,1,7,4,6,70
3351,41,1,1,1,7,4,6,71
3352,41,1,1,1,7,4,6,72
3353,41,1,1,1,7,4,6,73
3354,41,1,1,1,7,4,6,74
3355,41,1,1,1,7,4,6,75
3356,41,1,1,1,7,4,6,76
3357,41,1,1,1,7,4,6,77
3358,41,1,1,1,7,4,6,78
3359,41,1,1,1,7,4,6,79
3360,42,1,1,1,6,3,6,0
3361,42,1,1,1,6,3,6,1
3362,42,1,1,1,6,3,6,2
3363,42,1,1,1,6,3,6,3
3364,42,1,1,1,6,3,6,4
3365,42,1,1,1,6,3,6,5
3366,42,1,1,1,6,3,6,6
3367,42,1,1,1,6,3,6,7
3368,42,1,1,1,6,3,6,8
3369,42,1,1,1,6,3,6,9
3370,42,1,1,1,6,3,6,10
3371,42,1,1,1,6,3,6,11
3372,42,1,1,1,6,3,6,12
3373,42,1,1,1,6,3,6,13
3374,42,1,1,1,6,3,6,14
3375,42,1,1,1,6,3,6,15
3376,42,1,1,1,6,3,6,16
3377,42,1,1,1,6,3,6,17
3378,42,1,1,1,6,3,6,18
3379,42,1,1,1,6,4,6,19
3380,42,1,1,1,6,3,6,20
3381,42,1,1,1,6,3,6,21
3382,42,1,1,1,6,3,6,22
3383,42,1,1,1,6,3,6,23
3384,42,1,1,1,6,3,6,24
3385,42,1,1,1,6,4,6,25
3386,42,1,1,1,6,4,6,26
3387,42,1,1,1,6,4,6,27
3388,42,1,1,1,6,4,6,28
3389,42,1,1,1,6,4,6,29
3390,42,1,1,1,6,4,6,30
3391,42,1,1,1,6,4,6,31
3392,42,1,1,1,6,4,6,32
3393,42,1,1,1,6,4,6,33
3394,42,1,1,1,6,4,6,34
3395,42,1,1,1,6,4,6,35
3396,42,1,1,1,6,4,6,36
3397,42,1,1,1,6,4,6,37
3398,42,1,1,1,6,4,6,38
3399,42,1,1,1,6,4,6,39
3400,42,1,1,1,7,3,6,40
3401,42,1,1,1,7,3,6,41
3402,42,1,1,1,7,3,6,42
3403,42,1,1,1,7,3,6,43
3404,42,1,1,1,7,3,6,44
3405,42,1,1,1,7,3,6,45
3406,42,1,1,1,7,3,6,46
3407,42,1,1,1,7,3,6,47
3408,42,1,1,1,7,3,6,48
3409,42,1,1,1,7,3,6,49
3410,42,1,1,1,7,3,6,50
3411,42,1,1,1,7,3,6,51
3412,42,1,1,1,7,3,6,52
3413,42,1,1,1,7,3,6,53
3414,42,1,1,1,7,3,6,54
3415,42,1,1,1,7,3,6,55
3416,42,1,1,1,7,3,6,56
3417,42,1,1,1,7,3,6,57
3418,42,1,1,1,7,3,6,58
3419,42,1,1,1,7,3,6,59
3420,42,1,1,1,7,3,6,60
3421,42,1,1,1,7,3,6,61
3422,42,1,1,1,7,3,6,62
3423,42,1,1,1,7,3,6,63
3424,42,1,1,1,7,4,6,64
3425,42,1,1,1,7,4,6,65
3426,42,1,1,1,7,4,6,66
3427,42,1,1,1,7,4,6,67
3428,42,1,1,1,7,4,6,68
3429,42,1,1,1,7,4,6,69
3430,42,1,1,1,7,4,6,70
3431,42,1,1,1,7,4,6,71
3432,42,1,1,1,7,4,6,72
3433,42,1,1,1,7,4,6,73
3434,42,1,1,1,7,4,6,74
3435,42,1,1,1,7,4,6,75
3436,42,1,1,1,7,4,6,76
3437,42,1,1,1,7,4,6,77
3438,42,1,1,1,7,4,6,78
3439,42,1,1,1,7,4,6,79
3440,43,1,1,1,6,3,6,0
3441,43,1,1,1,6,3,6,1
3442,43,1,1,1,6,3,6,2
3443,43,1,1,1,6,3,6,3
3444,43,1,1,1,6,3,6,4
3445,43,1,1,1,6,3,6,5
3446,43,1,1,1,6,3,6,6
3447,43,1,1,1,6,3,6,7
3448,43,1,1,1,6,3,6,8
3449,43,1,1,1,6,3,6,9
3450,43,1,1,1,6,3,6,10
3451,43,1,1,1,6,3,6,11
3452,43,1,1,1,6,3,6,12
3453,43,1,1,1,6,3,6,13
3454,43,1,1,1,6,3,6,14
3455,43,1,1,1,6,3,6,15
3456,43,1,1,1,6,3,6,16
3457,43,1,1,1,6,4,6,17
3458,43,1,1,1,6,3,6,18
3459,43,1,1,1,6,4,6,19
3460,43,1,1,1,6,3,6,20
3461,43,1,1,1,6,3,6,21
3462,43,1,1,1,6,3,6,22
3463,43,1,1,1,6,3,6,23
3464,43,1,1,1,6,3,6,24
3465,43,1,1,1,6,4,6,25
3466,43,1,1,1,6,4,6,26
3467,43,1,1,1,6,4,6,27
3468,43,1,1,1,6,4,6,28
3469,43,1,1,1,6,4,6,29
3470,43,1,1,1,6,4,6,30
3471,43,1,1,1,6,4,6,31
3472,43,1,1,1,6,4,6,32
3473,43,1,1,1,6,4,6,33
3474,43,1,1,1,6,4,6,34
3475,43,1,1,1,6,4,6,35
3476,43,1,1,1,6,4,6,36
3477,43,1,1,1,6,4,6,37
3478,43,1,1,1,6,4,6,38
3479,43,1,1,1,6,4,6,39
3480,43,1,1,1,6,3,6,40
3481,43,1,1,1,6,3,6,41
3482,43,1,1,1,6,3,6,42
3483,43,1,1,1,6,3,6,43
3484,43,1,1,1,6,3,6,44
3485,43,1,1,1,6,3,6,45
3486,43,1,1,1,6,3,6,46
3487,43,1,1,1,6,3,6,47
3488,43,1,1,1,6,3,6,48
3489,43,1,1,1,6,3,6,49
3490,43,1,1,1,6,3,6,50
3491,43,1,1,1,6,3,6,51
3492,43,1,1,1,6,3,6,52
3493,43,1,1,1,6,3,6,53
3494,43,1,1,1,6,3,6,54
3495,43,1,1,1,6,3,6,55
3496,43,1,1,1,6,3,6,56
3497,43,1,1,1,6,4,6,57
3498,43,1,1,1,6,3,6,58
3499,43,1,1,1,6,3,6,59
3500,43,1,1,1,7,3,6,60
3501,43,1,1,1,7,3,6,61
3502,43,1,1,1,7,3,6,62
3503,43,1,1,1,7,3,6,63
3504,43,1,1,1,7,3,6,64
3505,43,1,1,1,7,3,6,65
3506,43,1,1,1,7,4,6,66
3507,43,1,1,1,7,4,6,67
3508,43,1,1,1,7,4,6,68
3509,43,1,1,1,7,4,6,69
3510,43,1,1,1,7,4,6,70
3511,43,1,1,1,7,4,6,71
3512,43,1,1,1,7,4,6,72
3513,43,1,1,1,7,4,6,73
3514,43,1,1,1,7,4,6,74
3515,43,1,1,1,7,4,6,75
3516,43,1,1,1,7,4,6,76
3517,43,1,1,1,7,4,6,77
3518,43,1,1,1,7,4,6,78
3519,43,1,1,1,7,4,6,79
3520,44,1,1,1,6,3,6,0
3521,44,1,1,1,6,3,6,1
3522,44,1,1,1,6,3,6,2
3523,44,1,1,1,6,3,6,3
3524,44,1,1,1,6,3,6,4
3525,44,1,1,1,6,3,6,5
3526,44,1,1,1,6,3,6,6
3527,44,1,1,1,6,3,6,7
3528,44,1,1,1,6,3,6,8
3529,44,1,1,1,6,3,6,9
3530,44,1,1,1,6,3,6,10
3531,44,1,1,1,6,3,6,11
3532,44,1,1,1,6,3,6,12
3533,44,1,1,1,6,3,6,13
3534,44,1,1,1,6,3,6,14
3535,44,1,1,1,6,3,6,15
3536,44,1,1,1,6,3,6,16
3537,44,1,1,1,6,3,6,17
3538,44,1,1,1,6,3,6,18
3539,44,1,1,1,6,3,6,19
3540,44,1,1,1,6,3,6,20
3541,44,1,1,1,6,3,6,21
3542,44,1,1,1,6,3,6,22
3543,44,1,1,1,6,3,6,23
3544,44,1,1,1,6,3,6,24
3545,44,1,1,1,6,4,6,25
3546,44,1,1,1,6,4,6,26
3547,44,1,1,1,6,4,6,27
3548,44,1,1,1,6,4,6,28
3549,44,1,1,1,6,4,6,29
3550,44,1,1,1,6,4,6,30
3551,44,1,1,1,6,4,6,31
3552,44,1,1,1,6,4,6,32
3553,44,1,1,1,6,4,6,33
3554,44,1,1,1,6,4,6,34
3555,44,1,1,1,6,4,6,35
3556,44,1,1,1,6,4,6,36
3557,44,1,1,1,6,4,6,37
3558,44,1,1,1,6,4,6,38
3559,44,1,1,1,6,4,6,39
3560,44,1,1,1,7,3,6,40
3561,44,1,1,1,7,3,6,41
3562,44,1,1,1,7,3,6,42
3563,44,1,1,1,7,3,6,43
3564,44,1,1,1,7,3,6,44
3565,44,1,1,1,7,3,6,45
3566,44,1,1,1,7,3,6,46
3567,44,1,1,1,7,3,6,47
3568,44,1,1,1,7,3,6,48
3569,44,1,1,1,7,3,6,49
3570,44,1,1,1,7,3,6,50
3571,44,1,1,1,7,3,6,51
3572,44,1,1,1,7,3,6,52
3573,44,1,1,1,7,3,6,53
3574,44,1,1,1,7,4,6,54
3575,44,1,1,1,7,3,6,55
3576,44,1,1,1,7,3,6,56
3577,44,1,1,1,7,4,6,57
3578,44,1,1,1,7,3,6,58
3579,44,1,1,1,7,3,6,59
3580,44,1,1,1,7,3,6,60
3581,44,1,1,1,7,3,6,61
3582,44,1,1,1,7,3,6,62
3583,44,1,1,1,7,3,6,63
3584,44,1,1,1,7,4,6,64
3585,44,1,1,1,7,4,6,65
3586,44,1,1,1,7,4,6,66
3587,44,1,1,1,7,4,6,67
3588,44,1,1,1,7,4,6,68
3589,44,1,1,1,7,4,6,69
3590,44,1,1,1,7,4,6,70
3591,44,1,1,1,7,4,6,71
3592,44,1,1,1,7,4,6,72
3593,44,1,1,1,7,4,6,73
3594,44,1,1,1,7,4,6,74
3595,44,1,1,1,7,4,6,75
3596,44,1,1,1,7,4,6,76
3597,44,1,1,1,7,4,6,77
3598,44,1,1,1,7,4,6,78
3599,44,1,1,1,7,4,6,79
3600,45,1,1,1,6,3,6,0
3601,45,1,1,1,6,3,6,1
3602,45,1,1,1,6,3,6,2
3603,45,1,1,1,6,3,6,3
3604,45,1,1,1,6,3,6,4
3605,45,1,1,1,6,3,6,5
3606,45,1,1,1,6,3,6,6
3607,45,1,1,1,6,3,6,7
3608,45,1,1,1,6,3,6,8
3609,45,1,1,1,6,3,6,9
3610,45,1,1,1,6,3,6,10
3611,45,1,1,1,6,3,6,11
3612,45,1,1,1,6,3,6,12
3613,45,1,1,1,6,3,6,13
3614,45,1,1,1,6,3,6,14
3615,45,1,1,1,6,3,6,15
3616,45,1,1,1,6,3,6,16
3617,45,1,1,1,6,3,6,17
3618,45,1,1,1,6,3,6,18
3619,45,1,1,1,6,3,6,19
3620,45,1,1,1,6,3,6,20
3621,45,1,1,1,6,3,6,21
3622,45,1,1,1,6,3,6,22
3623,45,1,1,1,6,3,6,23
3624,45,1,1,1,6,3,6,24
3625,45,1,1,1,6,4,6,25
3626,45,1,1,1,6,4,6,26
3627,45,1,1,1,6,4,6,27
3628,45,1,1,1,6,4,6,28
3629,45,1,1,1,6,4,6,29
3630,45,1,1,1,6,4,6,30
3631,45,1,1,1,6,4,6,31
3632,45,1,1,1,6,4,6,32
3633,45,1,1,1,6,4,6,33
3634,45,1,1,1,6,4,6,34
3635,45,1,1,1,6,4,6,35
3636,45,1,1,1,6,4,6,36
3637,45,1,1,1,6,4,6,37
3638,45,1,1,1,6,4,6,38
3639,45,1,1,1,6,4,6,39
3640,45,1,1,1,7,2,6,40
3641,45,1,1,1,7,3,6,41
3642,45,1,1,1,7,3,6,42
3643,45,1,1,1,7,3,6,43
3644,45,1,1,1,7,3,6,44
3645,45,1,1,1,7,3,6,45
3646,45,1,1,1,7,3,6,46
3647,45,1,1,1,7,3,6,47
3648,45,1,1,1,7,3,6,48
3649,45,1,1,1,7,3,6,49
3650,45,1,1,1,7,3,6,50
3651,45,1,1,1,7,3,6,51
3652,45,1,1,1,7,3,6,52
3653,45,1,1,1,7,3,6,53
3654,45,1,1,1,7,3,6,54
3655,45,1,1,1,7,3,6,55
3656,45,1,1,1,7,3,6,56
3657,45,1,1,1,7,4,6,57
3658,45,1,1,1,7,3,6,58
3659,45,1,1,1,7,3,6,59
3660,45,1,1,1,7,3,6,60
3661,45,1,1,1,7,3,6,61
3662,45,1,1,1,7,3,6,62
3663,45,1,1,1,7,3,6,63
3664,45,1,1,1,7,3,6,64
3665,45,1,1,1,7,3,6,65
3666,45,1,1,1,7,4,6,66
3667,45,1,1,1,7,4,6,67
3668,45,1,1,1,7,4,6,68
3669,45,1,1,1,7,4,6,69
3670,45,1,1,1,7,4,6,70
3671,45,1,1,1,7,4,6,71
3672,45,1,1,1,7,4,6,72
3673,45,1,1,1,7,4,6,73
3674,45,1,1,1,7,4,6,74
3675,45,1,1,1,7,4,6,75
3676,45,1,1,1,7,4,6,76
3677,45,1,1,1,7,4,6,77
3678,45,1,1,1,7,4,6,78
3679,45,1,1,1,7,4,6,79
3680,46,1,1,1,6,3,6,0
3681,46,1,1,1,6,3,6,1
3682,46,1,1,1,6,3,6,2
3683,46,1,1,1,6,3,6,3
3684,46,1,1,1,6,3,6,4
3685,46,1,1,1,6,3,6,5
3686,46,1,1,1,6,3,6,6
3687,46,1,1,1,6,3,6,7
3688,46,1,1,1,6,3,6,8
3689,46,1,1,1,6,3,6,9
3690,46,1,1,1,6,3,6,10
3691,46,1,1,1,6,3,6,11
3692,46,1,1,1,6,3,6,12
3693,46,1,1,1,6,3,6,13
3694,46,1,1,1,6,3,6,14
3695,46,1,1,1,6,3,6,15
3696,46,1,1,1,6,3,6,16
3697,46,1,1,1,6,4,6,17
3698,46,1,1,1,6,4,6,18
3699,46,1,1,1,6,4,6,19
3700,46,1,1,1,6,3,6,20
3701,46,1,1,1,6,3,6,21
3702,46,1,1,1,6,3,6,22
3703,46,1,1,1,6,3,6,23
3704,46,1,1,1,6,3,6,24
3705,46,1,1,1,6,4,6,25
3706,46,1,1,1,6,4,6,26
3707,46,1,1,1,6,4,6,27
3708,46,1,1,1,6,4,6,28
3709,46,1,1,1,6,4,6,29
3710,46,1,1,1,6,4,6,30
3711,46,1,1,1,6,4,6,31
3712,46,1,1,1,6,4,6,32
3713,46,1,1,1,6,4,6,33
3714,46,1,1,1,6,4,6,34
3715,46,1,1,1,6,4,6,35
3716,46,1,1,1,6,4,6,36
3717,46,1,1,1,6,4,6,37
3718,46,1,1,1,6,4,6,38
3719,46,1,1,1,6,4,6,39
3720,46,1,1,1,7,3,6,40
3721,46,1,1,1,7,3,6,41
3722,46,1,1,1,7,3,6,42
3723,46,1,1,1,7,3,6,43
3724,46,1,1,1,7,3,6,44
3725,46,1,1,1,7,3,6,45
3726,46,1,1,1,7,3,6,46
3727,46,1,1,1,7,3,6,47
3728,46,1,1,1,7,3,6,48
3729,46,1,1,1,7,3,6,49
3730,46,1,1,1,7,3,6,50
3731,46,1,1,1,7,3,6,51
3732,46,1,1,1,7,3,6,52
3733,46,1,1,1,7,3,6,53
3734,46,1,1,1,7,4,6,54
3735,46,1,1,1,7,3,6,55
3736,46,1,1,1,7,4,6,56
3737,46,1,1,1,7,4,6,57
3738,46,1,1,1,7,3,6,58
3739,46,1,1,1,7,4,6,59
3740,46,1,1,1,7,3,6,60
3741,46,1,1,1,7,3,6,61
3742,46,1,1,1,7,3,6,62
3743,46,1,1,1,7,3,6,63
3744,46,1,1,1,7,3,6,64
3745,46,1,1,1,7,3,6,65
3746,46,1,1,1,7,4,6,66
3747,46,1,1,1,7,4,6,67
3748,46,1,1,1,7,4,6,68
3749,46,1,1,1,7,4,6,69
3750,46,1,1,1,7,4,6,70
3751,46,1,1,1,7,4,6,71
3752,46,1,1,1,7,4,6,72
3753,46,1,1,1,7,4,6,73
3754,46,1,1,1,7,4,6,74
3755,46,1,1,1,7,4,6,75
3756,46,1,1,1,7,4,6,76
3757,46,1,1,1,7,4,6,77
3758,46,1,1,1,7,4,6,78
3759,46,1,1,1,7,4,6,79
3760,47,1,1,1,6,3,6,0
3761,47,1,1,1,6,3,6,1
3762,47,1,1,1,6,3,6,2
3763,47,1,1,1,6,3,6,3
3764,47,1,1,1,6,3,6,4
3765,47,1,1,1,6,3,6,5
3766,47,1,1,1,6,3,6,6
3767,47,1,1,1,6,3,6,7
3768,47,1,1,1,6,3,6,8
3769,47,1,1,1,6,3,6,9
3770,47,1,1,1,6,3,6,10
3771,47,1,1,1,6,3,6,11
3772,47,1,1,1,6,3,6,12
3773,47,1,1,1,6,3,6,13
3774,47,1,1,1,6,3,6,14
3775,47,1,1,1,6,3,6,15
3776,47,1,1,1,6,3,6,16
3777,47,1,1,1,6,3,6,17
3778,47,1,1,1,6,3,6,18
3779,47,1,1,1,6,3,6,19
3780,47,1,1,1,6,3,6,20
3781,47,1,1,1,6,3,6,21
3782,47,1,1,1,6,3,6,22
3783,47,1,1,1,6,3,6,23
3784,47,1,1,1,6,3,6,24
3785,47,1,1,1,6,3,6,25
3786,47,1,1,1,6,4,6,26
3787,47,1,1,1,6,4,6,27
3788,47,1,1,1,6,4,6,28
3789,47,1,1,1,6,4,6,29
3790,47,1,1,1,6,3,6,30
3791,47,1,1,1,6,3,6,31
3792,47,1,1,1,6,4,6,32
3793,47,1,1,1,6,3,6,33
3794,47,1,1,1,6,4,6,34
3795,47,1,1,1,6,4,6,35
3796,47,1,1,1,6,4,6,36
3797,47,1,1,1,6,4,6,37
3798,47,1,1,1,6,4,6,38
3799,47,1,1,1,6,4,6,39
3800,47,1,1,1,6,3,6,40
3801,47,1,1,1,6,3,6,41
3802,47,1,1,1,6,3,6,42
3803,47,1,1,1,6,3,6,43
3804,47,1,1,1,6,3,6,44
3805,47,1,1,1,6,3,6,45
3806,47,1,1,1,6,3,6,46
3807,47,1,1,1,6,3,6,47
3808,47,1,1,1,6,3,6,48
3809,47,1,1,1,6,3,6,49
3810,47,1,1,1,6,3,6,50
3811,47,1,1,1,6,3,6,51
3812,47,1,1,1,6,3,6,52
3813,47,1,1,1,6,3,6,53
3814,47,1,1,1,6,3,6,54
3815,47,1,1,1,6,3,6,55
3816,47,1,1,1,6,3,6,56
3817,47,1,1,1,6,4,6,57
3818,47,1,1,1,6,3,6,58
3819,47,1,1,1,6,3,6,59
3820,47,1,1,1,7,3,6,60
3821,47,1,1,1,7,3,6,61
3822,47,1,1,1,7,3,6,62
3823,47,1,1,1,7,3,6,63
3824,47,1,1,1,7,4,6,64
3825,47,1,1,1,7,4,6,65
3826,47,1,1,1,7,4,6,66
3827,47,1,1,1,7,4,6,67
3828,47,1,1,1,7,4,6,68
3829,47,1,1,1,7,4,6,69
3830,47,1,1,1,7,4,6,70
3831,47,1,1,1,7,4,6,71
3832,47,1,1,1,7,4,6,72
3833,47,1,1,1,7,4,6,73
3834,47,1,1,1,7,4,6,74
3835,47,1,1,1,7,4,6,75
3836,47,1,1,1,7,4,6,76
3837,47,1,1,1,7,4,6,77
3838,47,1,1,1,7,4,6,78
3839,47,1,1,1,7,4,6,79
3840,48,1,1,1,6,3,6,0
3841,48,1,1,1,6,3,6,1
3842,48,1,1,1,6,3,6,2
3843,48,1,1,1,6,3,6,3
3844,48,1,1,1,6,3,6,4
3845,48,1,1,1,6,3,6,5
3846,48,1,1,1,6,3,6,6
3847,48,1,1,1,6,3,6,7
3848,48,1,1,1,6,3,6,8
3849,48,1,1,1,6,3,6,9
3850,48,1,1,1,6,3,6,10
3851,48,1,1,1,6,3,6,11
3852,48,1,1,1,6,3,6,12
3853,48,1,1,1,6,3,6,13
3854,48,1,1,1,6,3,6,14
3855,48,1,1,1,6,3,6,15
3856,48,1,1,1,6,3,6,16
3857,48,1,1,1,6,3,6,17
3858,48,1,1,1,6,3,6,18
3859,48,1,1,1,6,4,6,19
3860,48,1,1,1,6,3,6,20
3861,48,1,1,1,6,3,6,21
3862,48,1,1,1,6,3,6,22
3863,48,1,1,1,6,3,6,23
3864,48,1,1,1,6,3,6,24
3865,48,1,1,1,6,4,6,25
3866,48,1,1,1,6,4,6,26
3867,48,1,1,1,6,4,6,27
3868,48,1,1,1,6,4,6,28
3869,48,1,1,1,6,4,6,29
3870,48,1,1,1,6,4,6,30
3871,48,1,1,1,6,4,6,31
3872,48,1,1,1,6,4,6,32
3873,48,1,1,1,6,4,6,33
3874,48,1,1,1,6,4,6,34
3875,48,1,1,1,6,4,6,35
3876,48,1,1,1,6,4,6,36
3877,48,1,1,1,6,4,6,37
3878,48,1,1,1,6,4,6,38
3879,48,1,1,1,6,4,6,39
3880,48,1,1,1,7,3,6,40
3881,48,1,1,1,7,3,6,41
3882,48,1,1,1,7,3,6,42
3883,48,1,1,1,7,3,6,43
3884,48,1,1,1,7,3,6,44
3885,48,1,1,1,7,3,6,45
3886,48,1,1,1,7,3,6,46
3887,48,1,1,1,7,3,6,47
3888,48,1,1,1,7,3,6,48
3889,48,1,1,1,7,3,6,49
3890,48,1,1,1,7,3,6,50
3891,48,1,1,1,7,3,6,51
3892,48,1,1,1,7,4,6,52
3893,48,1,1,1,7,4,6,53
3894,48,1,1,1,7,4,6,54
3895,48,1,1,1,7,4,6,55
3896,48,1,1,1,7,4,6,56
3897,48,1,1,1,7,4,6,57
3898,48,1,1,1,7,3,6,58
3899,48,1,1,1,7,4,6,59
3900,48,1,1,1,7,3,6,60
3901,48,1,1,1,7,3,6,61
3902,48,1,1,1,7,3,6,62
3903,48,1,1,1,7,3,6,63
3904,48,1,1,1,7,4,6,64
3905,48,1,1,1,7,4,6,65
3906,48,1,1,1,7,4,6,66
3907,48,1,1,1,7,4,6,67
3908,48,1,1,1,7,4,6,68
3909,48,1,1,1,7,4,6,69
3910,48,1,1,1,7,4,6,70
3911,48,1,1,1,7,4,6,71
3912,48,1,1,1,7,4,6,72
3913,48,1,1,1,7,4,6,73
3914,48,1,1,1,7,4,6,74
3915,48,1,1,1,7,4,6,75
3916,48,1,1,1,7,4,6,76
3917,48,1,1,1,7,4,6,77
3918,48,1,1,1,7,4,6,78
3919,48,1,1,1,7,4,6,79
3920,49,1,1,1,6,3,6,0
3921,49,1,1,1,6,3,6,1
3922,49,1,1,1,6,3,6,2
3923,49,1,1,1,6,3,6,3
3924,49,1,1,1,6,3,6,4
3925,49,1,1,1,6,3,6,5
3926,49,1,1,1,6,3,6,6
3927,49,1,1,1,6,3,6,7
3928,49,1,1,1,6,3,6,8
3929,49,1,1,1,6,3,6,9
3930,49,1,1,1,6,3,6,10
3931,49,1,1,1,6,3,6,11
3932,49,1,1,1,6,3,6,12
3933,49,1,1,1,6,3,6,13
3934,49,1,1,1,6,3,6,14
3935,49,1,1,1,6,3,6,15
3936,49,1,1,1,6,3,6,16
3937,49,1,1,1,6,4,6,17
3938,49,1,1,1,6,4,6,18
3939,49,1,1,1,6,4,6,19
3940,49,1,1,1,6,3,6,20
3941,49,1,1,1,6,3,6,21
3942,49,1,1,1,6,3,6,22
3943,49,1,1,1,6,3,6,23
3944,49,1,1,1,6,3,6,24
3945,49,1,1,1,6,3,6,25
3946,49,1,1,1,6,4,6,26
3947,49,1,1,1,6,4,6,27
3948,49,1,1,1,6,4,6,28
3949,49,1,1,1,6,4,6,29
3950,49,1,1,1,6,4,6,30
3951,49,1,1,1,6,4,6,31
3952,49,1,1,1,6,4,6,32
3953,49,1,1,1,6,4,6,33
3954,49,1,1,1,6,4,6,34
3955,49,1,1,1,6,4,6,35
3956,49,1,1,1,6,4,6,36
3957,49,1,1,1,6,4,6,37
3958,49,1,1,1,6,4,6,38
3959,49,1,1,1,6,4,6,39
3960,49,1,1,1,6,3,6,40
3961,49,1,1,1,6,3,6,41
3962,49,1,1,1,6,3,6,42
3963,49,1,1,1,6,3,6,43
3964,49,1,1,1,6,3,6,44
3965,49,1,1,1,6,3,6,45
3966,49,1,1,1,6,3,6,46
3967,49,1,1,1,6,3,6,47
3968,49,1,1,1,6,3,6,48
3969,49,1,1,1,6,3,6,49
3970,49,1,1,1,6,3,6,50
3971,49,1,1,1,6,3,6,51
3972,49,1,1,1,6,3,6,52
3973,49,1,1,1,6,3,6,53
3974,49,1,1,1,6,4,6,54
3975,49,1,1,1,6,3,6,55
3976,49,1,1,1,6,3,6,56
3977,49,1,1,1,6,4,6,57
3978,49,1,1,1,6,3,6,58
3979,49,1,1,1,6,3,6,59
3980,49,1,1,1,7,3,6,60
3981,49,1,1,1,7,3,6,61
3982,49,1,1,1,7,3,6,62
3983,49,1,1,1,7,3,6,63
3984,49,1,1,1,7,4,6,64
3985,49,1,1,1,7,3,6,65
3986,49,1,1,1,7,4,6,66
3987,49,1,1,1,7,4,6,67
3988,49,1,1,1,7,4,6,68
3989,49,1,1,1,7,4,6,69
3990,49,1,1,1,7,4,6,70
3991,49,1,1,1,7,4,6,71
3992,49,1,1,1,7,4,6,72
3993,49,1,1,1,7,4,6,73
3994,49,1,1,1,7,4,6,74
3995,49,1,1,1,7,4,6,75
3996,49,1,1,1,7,4,6,76
3997,49,1,1,1,7,4,6,77
3998,49,1,1,1,7,4,6,78
3999,49,1,1,1,7,4,6,79
4000,50,1,1,1,6,3,6,0
4001,50,1,1,1,6,3,6,1
4002,50,1,1,1,6,3,6,2
4003,50,1,1,1,6,3,6,3
4004,50,1,1,1,6,3,6,4
4005,50,1,1,1,6,3,6,5
4006,50,1,1,1,6,3,6,6
4007,50,1,1,1,6,3,6,7
4008,50,1,1,1,6,3,6,8
4009,50,1,1,1,6,3,6,9
4010,50,1,1,1,6,3,6,10
4011,50,1,1,1,6,3,6,11
4012,50,1,1,1,6,3,6,12
4013,50,1,1,1,6,3,6,13
4014,50,1,1,1,6,3,6,14
4015,50,1,1,1,6,3,6,15
4016,50,1,1,1,6,3,6,16
4017,50,1,1,1,6,4,6,17
4018,50,1,1,1,6,4,6,18
4019,50,1,1,1,6,4,6,19
4020,50,1,1,1,6,3,6,20
4021,50,1,1,1,6,3,6,21
4022,50,1,1,1,6,3,6,22
4023,50,1,1,1,6,3,6,23
4024,50,1,1,1,6,3,6,24
4025,50,1,1,1,6,4,6,25
4026,50,1,1,1,6,4,6,26
4027,50,1,1,1,6,4,6,27
4028,50,1,1,1,6,4,6,28
4029,50,1,1,1,6,4,6,29
4030,50,1,1,1,6,4,6,30
4031,50,1,1,1,6,4,6,31
4032,50,1,1,1,6,4,6,32
4033,50,1,1,1,6,4,6,33
4034,50,1,1,1,6,4,6,34
4035,50,1,1,1,6,4,6,35
4036,50,1,1,1,6,4,6,36
4037,50,1,1,1,6,4,6,37
4038,50,1,1,1,6,4,6,38
4039,50,1,1,1,6,4,6,39
4040,50,1,1,1,7,3,6,40
4041,50,1,1,1,7,3,6,41
4042,50,1,1,1,7,3,6,42
4043,50,1,1,1,7,3,6,43
4044,50,1,1,1,7,3,6,44
4045,50,1,1,1,7,3,6,45
4046,50,1,1,1,7,3,6,46
4047,50,1,1,1,7,3,6,47
4048,50,1,1,1,7,3,6,48
4049,50,1,1,1,7,3,6,49
4050,50,1,1,1,7,3,6,50
4051,50,1,1,1,7,3,6,51
4052,50,1,1,1,7,3,6,52
4053,50,1,1,1,7,3,6,53
4054,50,1,1,1,7,4,6,54
4055,50,1,1,1,7,3,6,55
4056,50,1,1,1,7,3,6,56
4057,50,1,1,1,7,4,6,57
4058,50,1,1,1,7,3,6,58
4059,50,1,1,1,7,3,6,59
4060,50,1,1,1,7,3,6,60
4061,50,1,1,1,7,3,6,61
4062,50,1,1,1,7,3,6,62
4063,50,1,1,1,7,3,6,63
4064,50,1,1,1,7,3,6,64
4065,50,1,1,1,7,3,6,65
4066,50,1,1,1,7,4,6,66
4067,50,1,1,1,7,4,6,67
4068,50,1,1,1,7,4,6,68
4069,50,1,1,1,7,4,6,69
4070,50,1,1,1,7,4,6,70
4071,50,1,1,1,7,4,6,71
4072,50,1,1,1,7,4,6,72
4073,50,1,1,1,7,4,6,73
4074,50,1,1,1,7,4,6,74
4075,50,1,1,1,7,4,6,75
4076,50,1,1,1,7,4,6,76
4077,50,1,1,1,7,4,6,77
4078,50,1,1,1,7,4,6,78
4079,50,1,1,1,7,4,6,79
4080,51,1,1,1,6,3,6,0
4081,51,1,1,1,6,3,6,1
4082,51,1,1,1,6,3,6,2
4083,51,1,1,1,6,3,6,3
4084,51,1,1,1,6,3,6,4
4085,51,1,1,1,6,3,6,5
4086,51,1,1,1,6,3,6,6
4087,51,1,1,1,6,3,6,7
4088,51,1,1,1,6,3,6,8
4089,51,1,1,1,6,3,6,9
4090,51,1,1,1,6,3,6,10
4091,51,1,1,1,6,3,6,11
4092,51,1,1,1,6,3,6,12
4093,51,1,1,1,6,3,6,13
4094,51,1,1,1,6,3,6,14
4095,51,1,1,1,6,3,6,15
4096,51,1,1,1,6,3,6,16
4097,51,1,1,1,6,3,6,17
4098,51,1,1,1,6,3,6,18
4099,51,1,1,1,6,3,6,19
4100,51,1,1,1,6,3,6,20
4101,51,1,1,1,6,3,6,21
4102,51,1,1,1,6,3,6,22
4103,51,1,1,1,6,3,6,23
4104,51,1,1,1,6,3,6,24
4105,51,1,1,1,6,4,6,25
4106,51,1,1,1,6,4,6,26
4107,51,1,1,1,6,4,6,27
4108,51,1,1,1,6,4,6,28
4109,51,1,1,1,6,4,6,29
4110,51,1,1,1,6,4,6,30
4111,51,1,1,1,6,4,6,31
4112,51,1,1,1,6,4,6,32
4113,51,1,1,1,6,4,6,33
4114,51,1,1,1,6,4,6,34
4115,51,1,1,1,6,4,6,35
4116,51,1,1,1,6,4,6,36
4117,51,1,1,1,6,4,6,37
4118,51,1,1,1,6,4,6,38
4119,51,1,1,1,6,4,6,39
4120,51,1,1,1,7,3,6,40
4121,51,1,1,1,7,3,6,41
4122,51,1,1,1,7,3,6,42
4123,51,1,1,1,7,3,6,43
4124,51,1,1,1,7,3,6,44
4125,51,1,1,1,7,3,6,45
4126,51,1,1,1,7,3,6,46
4127,51,1,1,1,7,3,6,47
4128,51,1,1,1,7,3,6,48
4129,51,1,1,1,7,3,6,49
4130,51,1,1,1,7,3,6,50
4131,51,1,1,1,7,3,6,51
4132,51,1,1,1,7,3,6,52
4133,51,1,1,1,7,3,6,53
4134,51,1,1,1,7,4,6,54
4135,51,1,1,1,7,3,6,55
4136,51,1,1,1,7,4,6,56
4137,51,1,1,1,7,4,6,57
4138,51,1,1,1,7,3,6,58
4139,51,1,1,1,7,4,6,59
4140,51,1,1,1,7,3,6,60
4141,51,1,1,1,7,3,6,61
4142,51,1,1,1,7,3,6,62
4143,51,1,1,1,7,3,6,63
4144,51,1,1,1,7,3,6,64
4145,51,1,1,1,7,3,6,65
4146,51,1,1,1,7,4,6,66
4147,51,1,1,1,7,4,6,67
4148,51,1,1,1,7,4,6,68
4149,51,1,1,1,7,4,6,69
4150,51,1,1,1,7,4,6,70
4151,51,1,1,1,7,4,6,71
4152,51,1,1,1,7,4,6,72
4153,51,1,1,1,7,4,6,73
4154,51,1,1,1,7,4,6,74
4155,51,1,1,1,7,4,6,75
4156,51,1,1,1,7,4,6,76
4157,51,1,1,1,7,4,6,77
4158,51,1,1,1,7,4,6,78
4159,51,1,1,1,7,4,6,79
4160,52,1,1,1,6,3,6,0
4161,52,1,1,1,6,3,6,1
4162,52,1,1,1,6,3,6,2
4163,52,1,1,1,6,3,6,3
4164,52,1,1,1,6,3,6,4
4165,52,1,1,1,6,3,6,5
4166,52,1,1,1,6,3,6,6
4167,52,1,1,1,6,3,6,7
4168,52,1,1,1,6,3,6,8
4169,52,1,1,1,6,3,6,9
4170,52,1,1,1,6,3,6,10
4171,52,1,1,1,6,3,6,11
4172,52,1,1,1,6,3,6,12
4173,52,1,1,1,6,3,6,13
4174,52,1,1,1,6,3,6,14
4175,52,1,1,1,6,3,6,15
4176,52,1,1,1,6,3,6,16
4177,52,1,1,1,6,4,6,17
4178,52,1,1,1,6,4,6,18
4179,52,1,1,1,6,4,6,19
4180,52,1,1,1,6,3,6,20
4181,52,1,1,1,6,3,6,21
4182,52,1,1,1,6,3,6,22
4183,52,1,1,1,6,3,6,23
4184,52,1,1,1,6,3,6,24
4185,52,1,1,1,6,4,6,25
4186,52,1,1,1,6,4,6,26
4187,52,1,1,1,6,4,6,27
4188,52,1,1,1,6,4,6,28
4189,52,1,1,1,6,4,6,29
4190,52,1,1,1,6,4,6,30
4191,52,1,1,1,6,4,6,31
4192,52,1,1,1,6,4,6,32
4193,52,1,1,1,6,4,6,33
4194,52,1,1,1,6,4,6,34
4195,52,1,1,1,6,4,6,35
4196,52,1,1,1,6,4,6,36
4197,52,1,1,1,6,4,6,37
4198,52,1,1,1,6,4,6,38
4199,52,1,1,1,6,4,6,39
4200,52,1,1,1,7,3,6,40
4201,52,1,1,1,7,3,6,41
4202,52,1,1,1,7,3,6,42
4203,52,1,1,1,7,3,6,43
4204,52,1,1,1,7,3,6,44
4205,52,1,1,1,7,3,6,45
4206,52,1,1,1,7,3,6,46
4207,52,1,1,1,7,3,6,47
4208,52,1,1,1,7,3,6,48
4209,52,1,1,1,7,3,6,49
4210,52,1,1,1,7,3,6,50
4211,52,1,1,1,7,3,6,51
4212,52,1,1,1,7,3,6,52
4213,52,1,1,1,7,3,6,53
4214,52,1,1,1,7,4,6,54
4215,52,1,1,1,7,3,6,55
4216,52,1,1,1,7,4,6,56
4217,52,1,1,1,7,4,6,57
4218,52,1,1,1,7,3,6,58
4219,52,1,1,1,7,3,6,59
4220,52,1,1,1,7,3,6,60
4221,52,1,1,1,7,3,6,61
4222,52,1,1,1,7,3,6,62
4223,52,1,1,1,7,3,6,63
4224,52,1,1,1,7,4,6,64
4225,52,1,1,1,7,4,6,65
4226,52,1,1,1,7,4,6,66
4227,52,1,1,1,7,4,6,67
4228,52,1,1,1,7,4,6,68
4229,52,1,1,1,7,4,6,69
4230,52,1,1,1,7,4,6,70
4231,52,1,1,1,7,4,6,71
4232,52,1,1,1,7,4,6,72
4233,52,1,1,1,7,4,6,73
4234,52,1,1,1,7,4,6,74
4235,52,1,1,1,7,4,6,75
4236,52,1,1,1,7,4,6,76
4237,52,1,1,1,7,4,6,77
4238,52,1,1,1,7,4,6,78
4239,52,1,1,1,7,4,6,79
4240,53,1,1,1,6,3,6,0
4241,53,1,1,1,6,3,6,1
4242,53,1,1,1,6,3,6,2
4243,53,1,1,1,6,3,6,3
4244,53,1,1,1,6,3,6,4
4245,53,1,1,1,6,3,6,5
4246,53,1,1,1,6,3,6,6
4247,53,1,1,1,6,3,6,7
4248,53,1,1,1,6,3,6,8
4249,53,1,1,1,6,3,6,9
4250,53,1,1,1,6,3,6,10
4251,53,1,1,1,6,3,6,11
4252,53,1,1,1,6,3,6,12
4253,53,1,1,1,6,3,6,13
4254,53,1,1,1,6,3,6,14
4255,53,1,1,1,6,3,6,15
4256,53,1,1,1,6,3,6,16
4257,53,1,1,1,6,3,6,17
4258,53,1,1,1,6,3,6,18
4259,53,1,1,1,6,3,6,19
4260,53,1,1,1,6,3,6,20
4261,53,1,1,1,6,3,6,21
4262,53,1,1,1,6,3,6,22
4263,53,1,1,1,6,3,6,23
4264,53,1,1,1,6,3,6,24
4265,53,1,1,1,6,4,6,25
4266,53,1,1,1,6,4,6,26
4267,53,1,1,1,6,4,6,27
4268,53,1,1,1,6,4,6,28
4269,53,1,1,1,6,4,6,29
4270,53,1,1,1,6,4,6,30
4271,53,1,1,1,6,4,6,31
4272,53,1,1,1,6,4,6,32
4273,53,1,1,1,6,4,6,33
4274,53,1,1,1,6,4,6,34
4275,53,1,1,1,6,4,6,35
4276,53,1,1,1,6,4,6,36
4277,53,1,1,1,6,4,6,37
4278,53,1,1,1,6,4,6,38
4279,53,1,1,1,6,4,6,39
4280,53,1,1,1,7,3,6,40
4281,53,1,1,1,7,3,6,41
4282,53,1,1,1,7,3,6,42
4283,53,1,1,1,7,3,6,43
4284,53,1,1,1,7,3,6,44
4285,53,1,1,1,7,3,6,45
4286,53,1,1,1,7,3,6,46
4287,53,1,1,1,7,3,6,47
4288,53,1,1,1,7,3,6,48
4289,53,1,1,1,7,3,6,49
4290,53,1,1,1,7,3,6,50
4291,53,1,1,1,7,3,6,51
4292,53,1,1,1,7,3,6,52
4293,53,1,1,1,7,3,6,53
4294,53,1,1,1,7,3,6,54
4295,53,1,1,1,7,3,6,55
4296,53,1,1,1,7,3,6,56
4297,53,1,1,1,7,3,6,57
4298,53,1,1,1,7,3,6,58
4299,53,1,1,1,7,3,6,59
4300,53,1,1,1,7,3,6,60
4301,53,1,1,1,7,3,6,61
4302,53,1,1,1,7,3,6,62
4303,53,1,1,1,7,3,6,63
4304,53,1,1,1,7,4,6,64
4305,53,1,1,1,7,4,6,65
4306,53,1,1,1,7,4,6,66
4307,53,1,1,1,7,4,6,67
4308,53,1,1,1,7,4,6,68
4309,53,1,1,1,7,4,6,69
4310,53,1,1,1,7,4,6,70
4311,53,1,1,1,7,4,6,71
4312,53,1,1,1,7,4,6,72
4313,53,1,1,1,7,4,6,73
4314,53,1,1,1,7,4,6,74
4315,53,1,1,1,7,4,6,75
4316,53,1,1,1,7,4,6,76
4317,53,1,1,1,7,4,6,77
4318,53,1,1,1,7,4,6,78
4319,53,1,1,1,7,4,6,79
4320,54,1,1,1,6,3,6,0
4321,54,1,1,1,6,3,6,1
4322,54,1,1,1,6,3,6,2
4323,54,1,1,1,6,3,6,3
4324,54,1,1,1,6,3,6,4
4325,54,1,1,1,6,3,6,5
4326,54,1,1,1,6,3,6,6
4327,54,1,1,1,6,3,6,7
4328,54,1,1,1,6,3,6,8
4329,54,1,1,1,6,3,6,9
4330,54,1,1,1,6,3,6,10
4331,54,1,1,1,6,3,6,11
4332,54,1,1,1,6,3,6,12
4333,54,1,1,1,6,3,6,13
4334,54,1,1,1,6,3,6,14
4335,54,1,1,1,6,3,6,15
4336,54,1,1,1,6,3,6,16
4337,54,1,1,1,6,3,6,17
4338,54,1,1,1,6,3,6,18
4339,54,1,1,1,6,3,6,19
4340,54,1,1,1,6,3,6,20
4341,54,1,1,1,6,3,6,21
4342,54,1,1,1,6,3,6,22
4343,54,1,1,1,6,3,6,23
4344,54,1,1,1,6,3,6,24
4345,54,1,1,1,6,4,6,25
4346,54,1,1,1,6,4,6,26
4347,54,1,1,1,6,4,6,27
4348,54,1,1,1,6,4,6,28
4349,54,1,1,1,6,4,6,29
4350,54,1,1,1,6,4,6,30
4351,54,1,1,1,6,4,6,31
4352,54,1,1,1,6,4,6,32
4353,54,1,1,1,6,4,6,33
4354,54,1,1,1,6,4,6,34
4355,54,1,1,1,6,4,6,35
4356,54,1,1,1,6,4,6,36
4357,54,1,1,1,6,4,6,37
4358,54,1,1,1,6,4,6,38
4359,54,1,1,1,6,4,6,39
4360,54,1,1,1,6,3,6,40
4361,54,1,1,1,6,3,6,41
4362,54,1,1,1,6,3,6,42
4363,54,1,1,1,6,3,6,43
4364,54,1,1,1,6,3,6,44
4365,54,1,1,1,6,3,6,45
4366,54,1,1,1,6,3,6,46
4367,54,1,1,1,6,3,6,47
4368,54,1,1,1,6,3,6,48
4369,54,1,1,1,6,3,6,49
4370,54,1,1,1,6,3,6,50
4371,54,1,1,1,6,3,6,51
4372,54,1,1,1,6,3,6,52
4373,54,1,1,1,6,3,6,53
4374,54,1,1,1,6,3,6,54
4375,54,1,1,1,6,3,6,55
4376,54,1,1,1,6,3,6,56
4377,54,1,1,1,6,4,6,57
4378,54,1,1,1,6,3,6,58
4379,54,1,1,1,6,3,6,59
4380,54,1,1,1,7,3,6,60
4381,54,1,1,1,7,3,6,61
4382,54,1,1,1,7,3,6,62
4383,54,1,1,1,7,3,6,63
4384,54,1,1,1,7,3,6,64
4385,54,1,1,1,7,3,6,65
4386,54,1,1,1,7,4,6,66
4387,54,1,1,1,7,4,6,67
4388,54,1,1,1,7,4,6,68
4389,54,1,1,1,7,4,6,69
4390,54,1,1,1,7,4,6,70
4391,54,1,1,1,7,4,6,71
4392,54,1,1,1,7,4,6,72
4393,54,1,1,1,7,4,6,73
4394,54,1,1,1,7,4,6,74
4395,54,1,1,1,7,4,6,75
4396,54,1,1,1,7,4,6,76
4397,54,1,1,1,7,4,6,77
4398,54,1,1,1,7,4,6,78
4399,54,1,1,1,7,4,6,79
4400,55,1,1,1,7,3,6,0
4401,55,1,1,1,7,3,6,1
4402,55,1,1,1,7,3,6,2
4403,55,1,1,1,7,3,6,3
4404,55,1,1,1,7,3,6,4
4405,55,1,1,1,7,3,6,5
4406,55,1,1,1,7,3,6,6
4407,55,1,1,1,7,3,6,7
4408,55,1,1,1,7,3,6,8
4409,55,1,1,1,7,3,6,9
4410,55,1,1,1,7,3,6,10
4411,55,1,1,1,7,3,6,11
4412,55,1,1,1,7,3,6,12
4413,55,1,1,1,7,3,6,13
4414,55,1,1,1,7,3,6,14
4415,55,1,1,1,7,3,6,15
4416,55,1,1,1,7,3,6,16
4417,55,1,1,1,7,4,6,17
4418,55,1,1,1,7,4,6,18
4419,55,1,1,1,7,4,6,19
4420,55,1,1,1,6,3,6,20
4421,55,1,1,1,6,3,6,21
4422,55,1,1,1,6,3,6,22
4423,55,1,1,1,6,3,6,23
4424,55,1,1,1,6,3,6,24
4425,55,1,1,1,6,4,6,25
4426,55,1,1,1,6,4,6,26
4427,55,1,1,1,6,4,6,27
4428,55,1,1,1,6,4,6,28
4429,55,1,1,1,6,4,6,29
4430,55,1,1,1,6,4,6,30
4431,55,1,1,1,6,4,6,31
4432,55,1,1,1,6,4,6,32
4433,55,1,1,1,6,4,6,33
4434,55,1,1,1,6,4,6,34
4435,55,1,1,1,6,4,6,35
4436,55,1,1,1,6,4,6,36
4437,55,1,1,1,6,4,6,37
4438,55,1,1,1,6,4,6,38
4439,55,1,1,1,6,4,6,39
4440,55,1,1,1,7,3,6,40
4441,55,1,1,1,7,3,6,41
4442,55,1,1,1,7,3,6,42
4443,55,1,1,1,7,3,6,43
4444,55,1,1,1,7,3,6,44
4445,55,1,1,1,7,3,6,45
4446,55,1,1,1,7,3,6,46
4447,55,1,1,1,7,3,6,47
4448,55,1,1,1,7,3,6,48
4449,55,1,1,1,7,3,6,49
4450,55,1,1,1,7,3,6,50
4451,55,1,1,1,7,3,6,51
4452,55,1,1,1,7,3,6,52
4453,55,1,1,1,7,3,6,53
4454,55,1,1,1,7,3,6,54
4455,55,1,1,1,7,3,6,55
4456,55,1,1,1,7,3,6,56
4457,55,1,1,1,7,3,6,57
4458,55,1,1,1,7,3,6,58
4459,55,1,1,1,7,3,6,59
4460,55,1,1,1,7,3,6,60
4461,55,1,1,1,7,3,6,61
4462,55,1,1,1,7,3,6,62
4463,55,1,1,1,7,3,6,63
4464,55,1,1,1,7,4,6,64
4465,55,1,1,1,7,4,6,65
4466,55,1,1,1,7,4,6,66
4467,55,1,1,1,7,4,6,67
4468,55,1,1,1,7,4,6,68
4469,55,1,1,1,7,4,6,69
4470,55,1,1,1,7,4,6,70
4471,55,1,1,1,7,4,6,71
4472,55,1,1,1,7,4,6,72
4473,55,1,1,1,7,4,6,73
4474,55,1,1,1,7,4,6,74
4475,55,1,1,1,7,4,6,75
4476,55,1,1,1,7,4,6,76
4477,55,1,1,1,7,4,6,77
4478,55,1,1,1,7,4,6,78
4479,55,1,1,1,7,4,6,79
4480,56,1,1,1,6,3,6,0
4481,56,1,1,1,6,3,6,1
4482,56,1,1,1,6,3,6,2
4483,56,1,1,1,6,3,6,3
4484,56,1,1,1,6,3,6,4
4485,56,1,1,1,6,3,6,5
4486,56,1,1,1,6,3,6,6
4487,56,1,1,1,6,3,6,7
4488,56,1,1,1,6,3,6,8
4489,56,1,1,1,6,3,6,9
4490,56,1,1,1,6,3,6,10
4491,56,1,1,1,6,3,6,11
4492,56,1,1,1,6,3,6,12
4493,56,1,1,1,6,3,6,13
4494,56,1,1,1,6,3,6,14
4495,56,1,1,1,6,3,6,15
4496,56,1,1,1,6,3,6,16
4497,56,1,1,1,6,4,6,17
4498,56,1,1,1,6,4,6,18
4499,56,1,1,1,6,4,6,19
4500,56,1,1,1,6,3,6,20
4501,56,1,1,1,6,3,6,21
4502,56,1,1,1,6,3,6,22
4503,56,1,1,1,6,3,6,23
4504,56,1,1,1,6,3,6,24
4505,56,1,1,1,6,4,6,25
4506,56,1,1,1,6,4,6,26
4507,56,1,1,1,6,4,6,27
4508,56,1,1,1,6,4,6,28
4509,56,1,1,1,6,4,6,29
4510,56,1,1,1,6,4,6,30
4511,56,1,1,1,6,4,6,31
4512,56,1,1,1,6,4,6,32
4513,56,1,1,1,6,4,6,33
4514,56,1,1,1,6,4,6,34
4515,56,1,1,1,6,4,6,35
4516,56,1,1,1,6,4,6,36
4517,56,1,1,1,6,4,6,37
4518,56,1,1,1,6,4,6,38
4519,56,1,1,1,6,4,6,39
4520,56,1,1,1,6,3,6,40
4521,56,1,1,1,6,3,6,41
4522,56,1,1,1,6,3,6,42
4523,56,1,1,1,6,3,6,43
4524,56,1,1,1,6,3,6,44
4525,56,1,1,1,6,3,6,45
4526,56,1,1,1,6,3,6,46
4527,56,1,1,1,6,3,6,47
4528,56,1,1,1,6,3,6,48
4529,56,1,1,1,6,3,6,49
4530,56,1,1,1,6,3,6,50
4531,56,1,1,1,6,3,6,51
4532,56,1,1,1,6,3,6,52
4533,56,1,1,1,6,3,6,53
4534,56,1,1,1,6,4,6,54
4535,56,1,1,1,6,3,6,55
4536,56,1,1,1,6,3,6,56
4537,56,1,1,1,6,4,6,57
4538,56,1,1,1,6,3,6,58
4539,56,1,1,1,6,4,6,59
4540,56,1,1,1,7,3,6,60
4541,56,1,1,1,7,3,6,61
4542,56,1,1,1,7,3,6,62
4543,56,1,1,1,7,3,6,63
4544,56,1,1,1,7,3,6,64
4545,56,1,1,1,7,3,6,65
4546,56,1,1,1,7,4,6,66
4547,56,1,1,1,7,4,6,67
4548,56,1,1,1,7,4,6,68
4549,56,1,1,1,7,4,6,69
4550,56,1,1,1,7,4,6,70
4551,56,1,1,1,7,4,6,71
4552,56,1,1,1,7,4,6,72
4553,56,1,1,1,7,4,6,73
4554,56,1,1,1,7,4,6,74
4555,56,1,1,1,7,4,6,75
4556,56,1,1,1,7,4,6,76
4557,56,1,1,1,7,4,6,77
4558,56,1,1,1,7,4,6,78
4559,56,1,1,1,7,4,6,79
4560,57,1,1,1,6,3,6,0
4561,57,1,1,1,6,3,6,1
4562,57,1,1,1,6,3,6,2
4563,57,1,1,1,6,3,6,3
4564,57,1,1,1,6,3,6,4
4565,57,1,1,1,6,3,6,5
4566,57,1,1,1,6,3,6,6
4567,57,1,1,1,6,3,6,7
4568,57,1,1,1,6,3,6,8
4569,57,1,1,1,6,3,6,9
4570,57,1,1,1,6,3,6,10
4571,57,1,1,1,6,3,6,11
4572,57,1,1,1,6,3,6,12
4573,57,1,1,1,6,3,6,13
4574,57,1,1,1,6,3,6,14
4575,57,1,1,1,6,3,6,15
4576,57,1,1,1,6,3,6,16
4577,57,1,1,1,6,3,6,17
4578,57,1,1,1,6,3,6,18
4579,57,1,1,1,6,3,6,19
4580,57,1,1,1,6,3,6,20
4581,57,1,1,1,6,3,6,21
4582,57,1,1,1,6,3,6,22
4583,57,1,1,1,6,3,6,23
4584,57,1,1,1,6,3,6,24
4585,57,1,1,1,6,4,6,25
4586,57,1,1,1,6,4,6,26
4587,57,1,1,1,6,4,6,27
4588,57,1,1,1,6,4,6,28
4589,57,1,1,1,6,4,6,29
4590,57,1,1,1,6,4,6,30
4591,57,1,1,1,6,4,6,31
4592,57,1,1,1,6,4,6,32
4593,57,1,1,1,6,4,6,33
4594,57,1,1,1,6,4,6,34
4595,57,1,1,1,6,4,6,35
4596,57,1,1,1,6,4,6,36
4597,57,1,1,1,6,4,6,37
4598,57,1,1,1,6,4,6,38
4599,57,1,1,1,6,4,6,39
4600,57,1,1,1,7,3,6,40
4601,57,1,1,1,7,3,6,41
4602,57,1,1,1,7,3,6,42
4603,57,1,1,1,7,3,6,43
4604,57,1,1,1,7,3,6,44
4605,57,1,1,1,7,3,6,45
4606,57,1,1,1,7,3,6,46
4607,57,1,1,1,7,3,6,47
4608,57,1,1,1,7,3,6,48
4609,57,1,1,1,7,3,6,49
4610,57,1,1,1,7,3,6,50
4611,57,1,1,1,7,3,6,51
4612,57,1,1,1,7,3,6,52
4613,57,1,1,1,7,3,6,53
4614,57,1,1,1,7,3,6,54
4615,57,1,1,1,7,3,6,55
4616,57,1,1,1,7,3,6,56
4617,57,1,1,1,7,4,6,57
4618,57,1,1,1,7,3,6,58
4619,57,1,1,1,7,3,6,59
4620,57,1,1,1,7,3,6,60
4621,57,1,1,1,7,3,6,61
4622,57,1,1,1,7,3,6,62
4623,57,1,1,1,7,3,6,63
4624,57,1,1,1,7,3,6,64
4625,57,1,1,1,7,3,6,65
4626,57,1,1,1,7,4,6,66
4627,57,1,1,1,7,4,6,67
4628,57,1,1,1,7,4,6,68
4629,57,1,1,1,7,4,6,69
4630,57,1,1,1,7,4,6,70
4631,57,1,1,1,7,4,6,71
4632,57,1,1,1,7,4,6,72
4633,57,1,1,1,7,4,6,73
4634,57,1,1,1,7,4,6,74
4635,57,1,1,1,7,4,6,75
4636,57,1,1,1,7,4,6,76
4637,57,1,1,1,7,4,6,77
4638,57,1,1,1,7,4,6,78
4639,57,1,1,1,7,4,6,79
4640,58,1,1,1,6,3,6,0
4641,58,1,1,1,6,2,6,1
4642,58,1,1,1,6,3,6,2
4643,58,1,1,1,6,3,6,3
4644,58,1,1,1,6,3,6,4
4645,58,1,1,1,6,3,6,5
4646,58,1,1,1,6,3,6,6
4647,58,1,1,1,6,3,6,7
4648,58,1,1,1,6,3,6,8
4649,58,1,1,1,6,3,6,9
4650,58,1,1,1,6,3,6,10
4651,58,1,1,1,6,3,6,11
4652,58,1,1,1,6,3,6,12
4653,58,1,1,1,6,3,6,13
4654,58,1,1,1,6,3,6,14
4655,58,1,1,1,6,3,6,15
4656,58,1,1,1,6,3,6,16
4657,58,1,1,1,6,3,6,17
4658,58,1,1,1,6,3,6,18
4659,58,1,1,1,6,3,6,19
4660,58,1,1,1,6,3,6,20
4661,58,1,1,1,6,3,6,21
4662,58,1,1,1,6,3,6,22
4663,58,1,1,1,6,3,6,23
4664,58,1,1,1,6,3,6,24
4665,58,1,1,1,6,4,6,25
4666,58,1,1,1,6,4,6,26
4667,58,1,1,1,6,4,6,27
4668,58,1,1,1,6,4,6,28
4669,58,1,1,1,6,4,6,29
4670,58,1,1,1,6,4,6,30
4671,58,1,1,1,6,4,6,31
4672,58,1,1,1,6,4,6,32
4673,58,1,1,1,6,4,6,33
4674,58,1,1,1,6,4,6,34
4675,58,1,1,1,6,4,6,35
4676,58,1,1,1,6,4,6,36
4677,58,1,1,1,6,4,6,37
4678,58,1,1,1,6,4,6,38
4679,58,1,1,1,6,4,6,39
4680,58,1,1,1,7,2,6,40
4681,58,1,1,1,7,3,6,41
4682,58,1,1,1,7,3,6,42
4683,58,1,1,1,7,3,6,43
4684,58,1,1,1,7,3,6,44
4685,58,1,1,1,7,3,6,45
4686,58,1,1,1,7,3,6,46
4687,58,1,1,1,7,3,6,47
4688,58,1,1,1,7,3,6,48
4689,58,1,1,1,7,3,6,49
4690,58,1,1,1,7,3,6,50
4691,58,1,1,1,7,3,6,51
4692,58,1,1,1,7,3,6,52
4693,58,1,1,1,7,3,6,53
4694,58,1,1,1,7,3,6,54
4695,58,1,1,1,7,3,6,55
4696,58,1,1,1,7,3,6,56
4697,58,1,1,1,7,4,6,57
4698,58,1,1,1,7,3,6,58
4699,58,1,1,1,7,3,6,59
4700,58,1,1,1,7,2,6,60
4701,58,1,1,1,7,3,6,61
4702,58,1,1,1,7,3,6,62
4703,58,1,1,1,7,3,6,63
4704,58,1,1,1,7,3,6,64
4705,58,1,1,1,7,3,6,65
4706,58,1,1,1,7,4,6,66
4707,58,1,1,1,7,4,6,67
4708,58,1,1,1,7,4,6,68
4709,58,1,1,1,7,4,6,69
4710,58,1,1,1,7,4,6,70
4711,58,1,1,1,7,4,6,71
4712,58,1,1,1,7,4,6,72
4713,58,1,1,1,7,4,6,73
4714,58,1,1,1,7,4,6,74
4715,58,1,1,1,7,4,6,75
4716,58,1,1,1,7,4,6,76
4717,58,1,1,1,7,4,6,77
4718,58,1,1,1,7,4,6,78
4719,58,1,1,1,7,4,6,79
4720,59,1,1,1,6,3,6,0
4721,59,1,1,1,6,3,6,1
4722,59,1,1,1,6,3,6,2
4723,59,1,1,1,6,3,6,3
4724,59,1,1,1,6,3,6,4
4725,59,1,1,1,6,3,6,5
4726,59,1,1,1,6,3,6,6
4727,59,1,1,1,6,3,6,7
4728,59,1,1,1,6,3,6,8
4729,59,1,1,1,6,3,6,9
4730,59,1,1,1,6,3,6,10
4731,59,1,1,1,6,3,6,11
4732,59,1,1,1,6,3,6,12
4733,59,1,1,1,6,3,6,13
4734,59,1,1,1,6,3,6,14
4735,59,1,1,1,6,3,6,15
4736,59,1,1,1,6,3,6,16
4737,59,1,1,1,6,3,6,17
4738,59,1,1,1,6,3,6,18
4739,59,1,1,1,6,3,6,19
4740,59,1,1,1,6,3,6,20
4741,59,1,1,1,6,3,6,21
4742,59,1,1,1,6,3,6,22
4743,59,1,1,1,6,3,6,23
4744,59,1,1,1,6,3,6,24
4745,59,1,1,1,6,4,6,25
4746,59,1,1,1,6,4,6,26
4747,59,1,1,1,6,4,6,27
4748,59,1,1,1,6,4,6,28
4749,59,1,1,1,6,4,6,29
4750,59,1,1,1,6,4,6,30
4751,59,1,1,1,6,4,6,31
4752,59,1,1,1,6,4,6,32
4753,59,1,1,1,6,4,6,33
4754,59,1,1,1,6,4,6,34
4755,59,1,1,1,6,4,6,35
4756,59,1,1,1,6,4,6,36
4757,59,1,1,1,6,4,6,37
4758,59,1,1,1,6,4,6,38
4759,59,1,1,1,6,4,6,39
4760,59,1,1,1,7,3,6,40
4761,59,1,1,1,7,3,6,41
4762,59,1,1,1,7,3,6,42
4763,59,1,1,1,7,3,6,43
4764,59,1,1,1,7,3,6,44
4765,59,1,1,1,7,3,6,45
4766,59,1,1,1,7,3,6,46
4767,59,1,1,1,7,3,6,47
4768,59,1,1,1,7,3,6,48
4769,59,1,1,1,7,3,6,49
4770,59,1,1,1,7,3,6,50
4771,59,1,1,1,7,3,6,51
4772,59,1,1,1,7,3,6,52
4773,59,1,1,1,7,3,6,53
4774,59,1,1,1,7,3,6,54
4775,59,1,1,1,7,3,6,55
4776,59,1,1,1,7,3,6,56
4777,59,1,1,1,7,3,6,57
4778,59,1,1,1,7,3,6,58
4779,59,1,1,1,7,3,6,59
4780,59,1,1,1,7,3,6,60
4781,59,1,1,1,7,3,6,61
4782,59,1,1,1,7,3,6,62
4783,59,1,1,1,7,3,6,63
4784,59,1,1,1,7,4,6,64
4785,59,1,1,1,7,4,6,65
4786,59,1,1,1,7,4,6,66
4787,59,1,1,1,7,4,6,67
4788,59,1,1,1,7,4,6,68
4789,59,1,1,1,7,4,6,69
4790,59,1,1,1,7,4,6,70
4791,59,1,1,1,7,4,6,71
4792,59,1,1,1,7,4,6,72
4793,59,1,1,1,7,4,6,73
4794,59,1,1,1,7,4,6,74
4795,59,1,1,1,7,4,6,75
4796,59,1,1,1,7,4,6,76
4797,59,1,1,1,7,4,6,77
4798,59,1,1,1,7,4,6,78
4799,59,1,1,1,7,4,6,79
4800,60,1,1,1,7,3,6,0
4801,60,1,1,1,7,3,6,1
4802,60,1,1,1,7,3,6,2
4803,60,1,1,1,7,3,6,3
4804,60,1,1,1,7,3,6,4
4805,60,1,1,1,7,3,6,5
4806,60,1,1,1,7,3,6,6
4807,60,1,1,1,7,3,6,7
4808,60,1,1,1,7,3,6,8
4809,60,1,1,1,7,3,6,9
4810,60,1,1,1,7,3,6,10
4811,60,1,1,1,7,3,6,11
4812,60,1,1,1,7,3,6,12
4813,60,1,1,1,7,3,6,13
4814,60,1,1,1,7,3,6,14
4815,60,1,1,1,7,3,6,15
4816,60,1,1,1,7,3,6,16
4817,60,1,1,1,7,4,6,17
4818,60,1,1,1,7,4,6,18
4819,60,1,1,1,7,4,6,19
4820,60,1,1,1,6,3,6,20
4821,60,1,1,1,6,3,6,21
4822,60,1,1,1,6,3,6,22
4823,60,1,1,1,6,3,6,23
4824,60,1,1,1,6,3,6,24
4825,60,1,1,1,6,4,6,25
4826,60,1,1,1,6,4,6,26
4827,60,1,1,1,6,4,6,27
4828,60,1,1,1,6,4,6,28
4829,60,1,1,1,6,4,6,29
4830,60,1,1,1,6,4,6,30
4831,60,1,1,1,6,4,6,31
4832,60,1,1,1,6,4,6,32
4833,60,1,1,1,6,4,6,33
4834,60,1,1,1,6,4,6,34
4835,60,1,1,1,6,4,6,35
4836,60,1,1,1,6,4,6,36
4837,60,1,1,1,6,4,6,37
4838,60,1,1,1,6,4,6,38
4839,60,1,1,1,6,4,6,39
4840,60,1,1,1,6,3,6,40
4841,60,1,1,1,6,3,6,41
4842,60,1,1,1,6,3,6,42
4843,60,1,1,1,6,3,6,43
4844,60,1,1,1,6,3,6,44
4845,60,1,1,1,6,3,6,45
4846,60,1,1,1,6,3,6,46
4847,60,1,1,1,6,3,6,47
4848,60,1,1,1,6,3,6,48
4849,60,1,1,1,6,3,6,49
4850,60,1,1,1,6,3,6,50
4851,60,1,1,1,6,3,6,51
4852,60,1,1,1,6,3,6,52
4853,60,1,1,1,6,3,6,53
4854,60,1,1,1,6,4,6,54
4855,60,1,1,1,6,3,6,55
4856,60,1,1,1,6,4,6,56
4857,60,1,1,1,6,4,6,57
4858,60,1,1,1,6,3,6,58
4859,60,1,1,1,6,4,6,59
4860,60,1,1,1,7,3,6,60
4861,60,1,1,1,7,3,6,61
4862,60,1,1,1,7,3,6,62
4863,60,1,1,1,7,3,6,63
4864,60,1,1,1,7,4,6,64
4865,60,1,1,1,7,4,6,65
4866,60,1,1,1,7,4,6,66
4867,60,1,1,1,7,4,6,67
4868,60,1,1,1,7,4,6,68
4869,60,1,1,1,7,4,6,69
4870,60,1,1,1,7,4,6,70
4871,60,1,1,1,7,4,6,71
4872,60,1,1,1,7,4,6,72
4873,60,1,1,1,7,4,6,73
4874,60,1,1,1,7,4,6,74
4875,60,1,1,1,7,4,6,75
4876,60,1,1,1,7,4,6,76
4877,60,1,1,1,7,4,6,77
4878,60,1,1,1,7,4,6,78
4879,60,1,1,1,7,4,6,79
4880,61,1,1,1,6,3,6,0
4881,61,1,1,1,6,3,6,1
4882,61,1,1,1,6,3,6,2
4883,61,1,1,1,6,3,6,3
4884,61,1,1,1,6,3,6,4
4885,61,1,1,1,6,3,6,5
4886,61,1,1,1,6,3,6,6
4887,61,1,1,1,6,3,6,7
4888,61,1,1,1,6,3,6,8
4889,61,1,1,1,6,3,6,9
4890,61,1,1,1,6,3,6,10
4891,61,1,1,1,6,3,6,11
4892,61,1,1,1,6,3,6,12
4893,61,1,1,1,6,3,6,13
4894,61,1,1,1,6,3,6,14
4895,61,1,1,1,6,3,6,15
4896,61,1,1,1,6,3,6,16
4897,61,1,1,1,6,3,6,17
4898,61,1,1,1,6,3,6,18
4899,61,1,1,1,6,4,6,19
4900,61,1,1,1,6,3,6,20
4901,61,1,1,1,6,3,6,21
4902,61,1,1,1,6,3,6,22
4903,61,1,1,1,6,3,6,23
4904,61,1,1,1,6,3,6,24
4905,61,1,1,1,6,4,6,25
4906,61,1,1,1,6,4,6,26
4907,61,1,1,1,6,4,6,27
4908,61,1,1,1,6,4,6,28
4909,61,1,1,1,6,4,6,29
4910,61,1,1,1,6,4,6,30
4911,61,1,1,1,6,4,6,31
4912,61,1,1,1,6,4,6,32
4913,61,1,1,1,6,4,6,33
4914,61,1,1,1,6,4,6,34
4915,61,1,1,1,6,4,6,35
4916,61,1,1,1,6,4,6,36
4917,61,1,1,1,6,4,6,37
4918,61,1,1,1,6,4,6,38
4919,61,1,1,1,6,4,6,39
4920,61,1,1,1,7,3,6,40
4921,61,1,1,1,7,3,6,41
4922,61,1,1,1,7,3,6,42
4923,61,1,1,1,7,3,6,43
4924,61,1,1,1,7,3,6,44
4925,61,1,1,1,7,3,6,45
4926,61,1,1,1,7,3,6,46
4927,61,1,1,1,7,3,6,47
4928,61,1,1,1,7,3,6,48
4929,61,1,1,1,7,3,6,49
4930,61,1,1,1,7,3,6,50
4931,61,1,1,1,7,3,6,51
4932,61,1,1,1,7,3,6,52
4933,61,1,1,1,7,3,6,53
4934,61,1,1,1,7,4,6,54
4935,61,1,1,1,7,3,6,55
4936,61,1,1,1,7,4,6,56
4937,61,1,1,1,7,4,6,57
4938,61,1,1,1,7,3,6,58
4939,61,1,1,1,7,3,6,59
4940,61,1,1,1,7,3,6,60
4941,61,1,1,1,7,3,6,61
4942,61,1,1,1,7,3,6,62
4943,61,1,1,1,7,3,6,63
4944,61,1,1,1,7,3,6,64
4945,61,1,1,1,7,4,6,65
4946,61,1,1,1,7,4,6,66
4947,61,1,1,1,7,4,6,67
4948,61,1,1,1,7,4,6,68
4949,61,1,1,1,7,4,6,69
4950,61,1,1,1,7,4,6,70
4951,61,1,1,1,7,4,6,71
4952,61,1,1,1,7,4,6,72
4953,61,1,1,1,7,4,6,73
4954,61,1,1,1,7,4,6,74
4955,61,1,1,1,7,4,6,75
4956,61,1,1,1,7,4,6,76
4957,61,1,1,1,7,4,6,77
4958,61,1,1,1,7,4,6,78
4959,61,1,1,1,7,4,6,79
4960,62,1,1,1,6,3,6,0
4961,62,1,1,1,6,3,6,1
4962,62,1,1,1,6,3,6,2
4963,62,1,1,1,6,3,6,3
4964,62,1,1,1,6,3,6,4
4965,62,1,1,1,6,3,6,5
4966,62,1,1,1,6,3,6,6
4967,62,1,1,1,6,3,6,7
4968,62,1,1,1,6,3,6,8
4969,62,1,1,1,6,3,6,9
4970,62,1,1,1,6,3,6,10
4971,62,1,1,1,6,3,6,11
4972,62,1,1,1,6,3,6,12
4973,62,1,1,1,6,3,6,13
4974,62,1,1,1,6,3,6,14
4975,62,1,1,1,6,3,6,15
4976,62,1,1,1,6,3,6,16
4977,62,1,1,1,6,3,6,17
4978,62,1,1,1,6,3,6,18
4979,62,1,1,1,6,3,6,19
4980,62,1,1,1,6,3,6,20
4981,62,1,1,1,6,3,6,21
4982,62,1,1,1,6,3,6,22
4983,62,1,1,1,6,3,6,23
4984,62,1,1,1,6,3,6,24
4985,62,1,1,1,6,4,6,25
4986,62,1,1,1,6,4,6,26
4987,62,1,1,1,6,4,6,27
4988,62,1,1,1,6,4,6,28
4989,62,1,1,1,6,4,6,29
4990,62,1,1,1,6,4,6,30
4991,62,1,1,1,6,4,6,31
4992,62,1,1,1,6,4,6,32
4993,62,1,1,1,6,4,6,33
4994,62,1,1,1,6,4,6,34
4995,62,1,1,1,6,4,6,35
4996,62,1,1,1,6,4,6,36
4997,62,1,1,1,6,4,6,37
4998,62,1,1,1,6,4,6,38
4999,62,1,1,1,6,4,6,39
5000,62,1,1,1,6,3,6,40
5001,62,1,1,1,6,3,6,41
5002,62,1,1,1,6,3,6,42
5003,62,1,1,1,6,3,6,43
5004,62,1,1,1,6,3,6,44
5005,62,1,1,1,6,3,6,45
5006,62,1,1,1,6,3,6,46
5007,62,1,1,1,6,3,6,47
5008,62,1,1,1,6,3,6,48
5009,62,1,1,1,6,3,6,49
5010,62,1,1,1,6,3,6,50
5011,62,1,1,1,6,3,6,51
5012,62,1,1,1,6,4,6,52
5013,62,1,1,1,6,4,6,53
5014,62,1,1,1,6,4,6,54
5015,62,1,1,1,6,4,6,55
5016,62,1,1,1,6,4,6,56
5017,62,1,1,1,6,4,6,57
5018,62,1,1,1,6,3,6,58
5019,62,1,1,1,6,4,6,59
5020,62,1,1,1,7,3,6,60
5021,62,1,1,1,7,3,6,61
5022,62,1,1,1,7,3,6,62
5023,62,1,1,1,7,3,6,63
5024,62,1,1,1,7,4,6,64
5025,62,1,1,1,7,4,6,65
5026,62,1,1,1,7,4,6,66
5027,62,1,1,1,7,4,6,67
5028,62,1,1,1,7,4,6,68
5029,62,1,1,1,7,4,6,69
5030,62,1,1,1,7,4,6,70
5031,62,1,1,1,7,4,6,71
5032,62,1,1,1,7,4,6,72
5033,62,1,1,1,7,4,6,73
5034,62,1,1,1,7,4,6,74
5035,62,1,1,1,7,4,6,75
5036,62,1,1,1,7,4,6,76
5037,62,1,1,1,7,4,6,77
5038,62,1,1,1,7,4,6,78
5039,62,1,1,1,7,4,6,79
5040,63,1,1,1,6,2,6,0
5041,63,1,1,1,6,2,6,1
5042,63,1,1,1,6,3,6,2
5043,63,1,1,1,6,3,6,3
5044,63,1,1,1,6,3,6,4
5045,63,1,1,1,6,3,6,5
5046,63,1,1,1,6,3,6,6
5047,63,1,1,1,6,3,6,7
5048,63,1,1,1,6,3,6,8
5049,63,1,1,1,6,3,6,9
5050,63,1,1,1,6,3,6,10
5051,63,1,1,1,6,3,6,11
5052,63,1,1,1,6,3,6,12
5053,63,1,1,1,6,3,6,13
5054,63,1,1,1,6,3,6,14
5055,63,1,1,1,6,3,6,15
5056,63,1,1,1,6,3,6,16
5057,63,1,1,1,6,3,6,17
5058,63,1,1,1,6,3,6,18
5059,63,1,1,1,6,4,6,19
5060,63,1,1,1,6,3,6,20
5061,63,1,1,1,6,3,6,21
5062,63,1,1,1,6,3,6,22
5063,63,1,1,1,6,3,6,23
5064,63,1,1,1,6,3,6,24
5065,63,1,1,1,6,4,6,25
5066,63,1,1,1,6,4,6,26
5067,63,1,1,1,6,4,6,27
5068,63,1,1,1,6,4,6,28
5069,63,1,1,1,6,4,6,29
5070,63,1,1,1,6,4,6,30
5071,63,1,1,1,6,4,6,31
5072,63,1,1,1,6,4,6,32
5073,63,1,1,1,6,4,6,33
5074,63,1,1,1,6,4,6,34
5075,63,1,1,1,6,4,6,35
5076,63,1,1,1,6,4,6,36
5077,63,1,1,1,6,4,6,37
5078,63,1,1,1,6,4,6,38
5079,63,1,1,1,6,4,6,39
5080,63,1,1,1,7,3,6,40
5081,63,1,1,1,7,3,6,41
5082,63,1,1,1,7,3,6,42
5083,63,1,1,1,7,3,6,43
5084,63,1,1,1,7,3,6,44
5085,63,1,1,1,7,3,6,45
5086,63,1,1,1,7,3,6,46
5087,63,1,1,1,7,3,6,47
5088,63,1,1,1,7,3,6,48
5089,63,1,1,1,7,3,6,49
5090,63,1,1,1,7,3,6,50
5091,63,1,1,1,7,3,6,51
5092,63,1,1,1,7,3,6,52
5093,63,1,1,1,7,3,6,53
5094,63,1,1,1,7,3,6,54
5095,63,1,1,1,7,3,6,55
5096,63,1,1,1,7,3,6,56
5097,63,1,1,1,7,4,6,57
5098,63,1,1,1,7,3,6,58
5099,63,1,1,1,7,3,6,59
5100,63,1,1,1,7,3,6,60
5101,63,1,1,1,7,3,6,61
5102,63,1,1,1,7,3,6,62
5103,63,1,1,1,7,3,6,63
5104,63,1,1,1,7,4,6,64
5105,63,1,1,1,7,3,6,65
5106,63,1,1,1,7,4,6,66
5107,63,1,1,1,7,4,6,67
5108,63,1,1,1,7,4,6,68
5109,63,1,1,1,7,4,6,69
5110,63,1,1,1,7,4,6,70
5111,63,1,1,1,7,4,6,71
5112,63,1,1,1,7,4,6,72
5113,63,1,1,1,7,4,6,73
5114,63,1,1,1,7,4,6,74
5115,63,1,1,1,7,4,6,75
5116,63,1,1,1,7,4,6,76
5117,63,1,1,1,7,4,6,77
5118,63,1,1,1,7,4,6,78
5119,63,1,1,1,7,4,6,79
5120,64,1,1,1,6,3,6,0
5121,64,1,1,1,6,3,6,1
5122,64,1,1,1,6,3,6,2
5123,64,1,1,1,6,3,6,3
5124,64,1,1,1,6,3,6,4
5125,64,1,1,1,6,3,6,5
5126,64,1,1,1,6,3,6,6
5127,64,1,1,1,6,3,6,7
5128,64,1,1,1,6,3,6,8
5129,64,1,1,1,6,3,6,9
5130,64,1,1,1,6,3,6,10
5131,64,1,1,1,6,3,6,11
5132,64,1,1,1,6,3,6,12
5133,64,1,1,1,6,3,6,13
5134,64,1,1,1,6,3,6,14
5135,64,1,1,1,6,3,6,15
5136,64,1,1,1,6,3,6,16
5137,64,1,1,1,6,3,6,17
5138,64,1,1,1,6,3,6,18
5139,64,1,1,1,6,3,6,19
5140,64,1,1,1,6,3,6,20
5141,64,1,1,1,6,3,6,21
5142,64,1,1,1,6,3,6,22
5143,64,1,1,1,6,3,6,23
5144,64,1,1,1,6,3,6,24
5145,64,1,1,1,6,4,6,25
5146,64,1,1,1,6,4,6,26
5147,64,1,1,1,6,4,6,27
5148,64,1,1,1,6,4,6,28
5149,64,1,1,1,6,4,6,29
5150,64,1,1,1,6,4,6,30
5151,64,1,1,1,6,4,6,31
5152,64,1,1,1,6,4,6,32
5153,64,1,1,1,6,4,6,33
5154,64,1,1,1,6,4,6,34
5155,64,1,1,1,6,4,6,35
5156,64,1,1,1,6,4,6,36
5157,64,1,1,1,6,4,6,37
5158,64,1,1,1,6,4,6,38
5159,64,1,1,1,6,4,6,39
5160,64,1,1,1,7,2,6,40
5161,64,1,1,1,7,3,6,41
5162,64,1,1,1,7,3,6,42
5163,64,1,1,1,7,3,6,43
5164,64,1,1,1,7,3,6,44
5165,64,1,1,1,7,3,6,45
5166,64,1,1,1,7,3,6,46
5167,64,1,1,1,7,3,6,47
5168,64,1,1,1,7,3,6,48
5169,64,1,1,1,7,3,6,49
5170,64,1,1,1,7,3,6,50
5171,64,1,1,1,7,3,6,51
5172,64,1,1,1,7,3,6,52
5173,64,1,1,1,7,3,6,53
5174,64,1,1,1,7,3,6,54
5175,64,1,1,1,7,3,6,55
5176,64,1,1,1,7,3,6,56
5177,64,1,1,1,7,4,6,57
5178,64,1,1,1,7,3,6,58
5179,64,1,1,1,7,3,6,59
5180,64,1,1,1,7,3,6,60
5181,64,1,1,1,7,3,6,61
5182,64,1,1,1,7,3,6,62
5183,64,1,1,1,7,3,6,63
5184,64,1,1,1,7,3,6,64
5185,64,1,1,1,7,4,6,65
5186,64,1,1,1,7,4,6,66
5187,64,1,1,1,7,4,6,67
5188,64,1,1,1,7,4,6,68
5189,64,1,1,1,7,4,6,69
5190,64,1,1,1,7,4,6,70
5191,64,1,1,1,7,4,6,71
5192,64,1,1,1,7,4,6,72
5193,64,1,1,1,7,4,6,73
5194,64,1,1,1,7,4,6,74
5195,64,1,1,1,7,4,6,75
5196,64,1,1,1,7,4,6,76
5197,64,1,1,1,7,4,6,77
5198,64,1,1,1,7,4,6,78
5199,64,1,1,1,7,4,6,79
5200,65,1,1,1,6,3,6,0
5201,65,1,1,1,6,3,6,1
5202,65,1,1,1,6,3,6,2
5203,65,1,1,1,6,3,6,3
5204,65,1,1,1,6,3,6,4
5205,65,1,1,1,6,3,6,5
5206,65,1,1,1,6,3,6,6
5207,65,1,1,1,6,3,6,7
5208,65,1,1,1,6,3,6,8
5209,65,1,1,1,6,3,6,9
5210,65,1,1,1,6,3,6,10
5211,65,1,1,1,6,3,6,11
5212,65,1,1,1,6,3,6,12
5213,65,1,1,1,6,3,6,13
5214,65,1,1,1,6,3,6,14
5215,65,1,1,1,6,3,6,15
5216,65,1,1,1,6,3,6,16
5217,65,1,1,1,6,3,6,17
5218,65,1,1,1,6,3,6,18
5219,65,1,1,1,6,3,6,19
5220,65,1,1,1,6,3,6,20
5221,65,1,1,1,6,3,6,21
5222,65,1,1,1,6,3,6,22
5223,65,1,1,1,6,3,6,23
5224,65,1,1,1,6,3,6,24
5225,65,1,1,1,6,4,6,25
5226,65,1,1,1,6,4,6,26
5227,65,1,1,1,6,4,6,27
5228,65,1,1,1,6,4,6,28
5229,65,1,1,1,6,4,6,29
5230,65,1,1,1,6,4,6,30
5231,65,1,1,1,6,3,6,31
5232,65,1,1,1,6,4,6,32
5233,65,1,1,1,6,4,6,33
5234,65,1,1,1,6,4,6,34
5235,65,1,1,1,6,4,6,35
5236,65,1,1,1,6,4,6,36
5237,65,1,1,1,6,4,6,37
5238,65,1,1,1,6,4,6,38
5239,65,1,1,1,6,4,6,39
5240,65,1,1,1,7,3,6,40
5241,65,1,1,1,7,3,6,41
5242,65,1,1,1,7,3,6,42
5243,65,1,1,1,7,3,6,43
5244,65,1,1,1,7,3,6,44
5245,65,1,1,1,7,3,6,45
5246,65,1,1,1,7,3,6,46
5247,65,1,1,1,7,3,6,47
5248,65,1,1,1,7,3,6,48
5249,65,1,1,1,7,3,6,49
5250,65,1,1,1,7,3,6,50
5251,65,1,1,1,7,3,6,51
5252,65,1,1,1,7,3,6,52
5253,65,1,1,1,7,3,6,53
5254,65,1,1,1,7,3,6,54
5255,65,1,1,1,7,3,6,55
5256,65,1,1,1,7,3,6,56
5257,65,1,1,1,7,3,6,57
5258,65,1,1,1,7,3,6,58
5259,65,1,1,1,7,3,6,59
5260,65,1,1,1,6,3,6,60
5261,65,1,1,1,6,3,6,61
5262,65,1,1,1,6,3,6,62
5263,65,1,1,1,6,3,6,63
5264,65,1,1,1,6,4,6,64
5265,65,1,1,1,6,4,6,65
5266,65,1,1,1,6,4,6,66
5267,65,1,1,1,6,4,6,67
5268,65,1,1,1,6,4,6,68
5269,65,1,1,1,6,4,6,69
5270,65,1,1,1,6,4,6,70
5271,65,1,1,1,6,4,6,71
5272,65,1,1,1,6,4,6,72
5273,65,1,1,1,6,4,6,73
5274,65,1,1,1,6,4,6,74
5275,65,1,1,1,6,4,6,75
5276,65,1,1,1,6,4,6,76
5277,65,1,1,1,6,4,6,77
5278,65,1,1,1,6,4,6,78
5279,65,1,1,1,6,4,6,79
5280,66,1,1,1,6,3,6,0
5281,66,1,1,1,6,3,6,1
5282,66,1,1,1,6,3,6,2
5283,66,1,1,1,6,3,6,3
5284,66,1,1,1,6,3,6,4
5285,66,1,1,1,6,3,6,5
5286,66,1,1,1,6,3,6,6
5287,66,1,1,1,6,3,6,7
5288,66,1,1,1,6,3,6,8
5289,66,1,1,1,6,3,6,9
5290,66,1,1,1,6,3,6,10
5291,66,1,1,1,6,3,6,11
5292,66,1,1,1,6,3,6,12
5293,66,1,1,1,6,3,6,13
5294,66,1,1,1,6,3,6,14
5295,66,1,1,1,6,3,6,15
5296,66,1,1,1,6,3,6,16
5297,66,1,1,1,6,3,6,17
5298,66,1,1,1,6,3,6,18
5299,66,1,1,1,6,3,6,19
5300,66,1,1,1,6,3,6,20
5301,66,1,1,1,6,3,6,21
5302,66,1,1,1,6,3,6,22
5303,66,1,1,1,6,3,6,23
5304,66,1,1,1,6,3,6,24
5305,66,1,1,1,6,4,6,25
5306,66,1,1,1,6,4,6,26
5307,66,1,1,1,6,4,6,27
5308,66,1,1,1,6,4,6,28
5309,66,1,1,1,6,4,6,29
5310,66,1,1,1,6,4,6,30
5311,66,1,1,1,6,4,6,31
5312,66,1,1,1,6,4,6,32
5313,66,1,1,1,6,4,6,33
5314,66,1,1,1,6,4,6,34
5315,66,1,1,1,6,4,6,35
5316,66,1,1,1,6,4,6,36
5317,66,1,1,1,6,4,6,37
5318,66,1,1,1,6,4,6,38
5319,66,1,1,1,6,4,6,39
5320,66,1,1,1,7,3,6,40
5321,66,1,1,1,7,3,6,41
5322,66,1,1,1,7,3,6,42
5323,66,1,1,1,7,3,6,43
5324,66,1,1,1,7,3,6,44
5325,66,1,1,1,7,3,6,45
5326,66,1,1,1,7,3,6,46
5327,66,1,1,1,7,4,6,47
5328,66,1,1,1,7,3,6,48
5329,66,1,1,1,7,3,6,49
5330,66,1,1,1,7,3,6,50
5331,66,1,1,1,7,3,6,51
5332,66,1,1,1,7,3,6,52
5333,66,1,1,1,7,3,6,53
5334,66,1,1,1,7,4,6,54
5335,66,1,1,1,7,3,6,55
5336,66,1,1,1,7,4,6,56
5337,66,1,1,1,7,4,6,57
5338,66,1,1,1,7,4,6,58
5339,66,1,1,1,7,3,6,59
5340,66,1,1,1,7,3,6,60
5341,66,1,1,1,7,3,6,61
5342,66,1,1,1,7,3,6,62
5343,66,1,1,1,7,3,6,63
5344,66,1,1,1,7,3,6,64
5345,66,1,1,1,7,3,6,65
5346,66,1,1,1,7,4,6,66
5347,66,1,1,1,7,4,6,67
5348,66,1,1,1,7,4,6,68
5349,66,1,1,1,7,4,6,69
5350,66,1,1,1,7,4,6,70
5351,66,1,1,1,7,4,6,71
5352,66,1,1,1,7,4,6,72
5353,66,1,1,1,7,4,6,73
5354,66,1,1,1,7,4,6,74
5355,66,1,1,1,7,4,6,75
5356,66,1,1,1,7,4,6,76
5357,66,1,1,1,7,4,6,77
5358,66,1,1,1,7,4,6,78
5359,66,1,1,1,7,4,6,79
5360,67,1,1,1,6,3,6,0
5361,67,1,1,1,6,3,6,1
5362,67,1,1,1,6,3,6,2
5363,67,1,1,1,6,3,6,3
5364,67,1,1,1,6,3,6,4
5365,67,1,1,1,6,3,6,5
5366,67,1,1,1,6,3,6,6
5367,67,1,1,1,6,3,6,7
5368,67,1,1,1,6,3,6,8
5369,67,1,1,1,6,3,6,9
5370,67,1,1,1,6,3,6,10
5371,67,1,1,1,6,3,6,11
5372,67,1,1,1,6,3,6,12
5373,67,1,1,1,6,3,6,13
5374,67,1,1,1,6,3,6,14
5375,67,1,1,1,6,3,6,15
5376,67,1,1,1,6,3,6,16
5377,67,1,1,1,6,3,6,17
5378,67,1,1,1,6,3,6,18
5379,67,1,1,1,6,3,6,19
5380,67,1,1,1,6,3,6,20
5381,67,1,1,1,6,3,6,21
5382,67,1,1,1,6,3,6,22
5383,67,1,1,1,6,3,6,23
5384,67,1,1,1,6,3,6,24
5385,67,1,1,1,6,4,6,25
5386,67,1,1,1,6,4,6,26
5387,67,1,1,1,6,4,6,27
5388,67,1,1,1,6,4,6,28
5389,67,1,1,1,6,4,6,29
5390,67,1,1,1,6,4,6,30
5391,67,1,1,1,6,4,6,31
5392,67,1,1,1,6,4,6,32
5393,67,1,1,1,6,4,6,33
5394,67,1,1,1,6,4,6,34
5395,67,1,1,1,6,4,6,35
5396,67,1,1,1,6,4,6,36
5397,67,1,1,1,6,4,6,37
5398,67,1,1,1,6,4,6,38
5399,67,1,1,1,6,4,6,39
5400,67,1,1,1,6,3,6,40
5401,67,1,1,1,6,3,6,41
5402,67,1,1,1,6,3,6,42
5403,67,1,1,1,6,3,6,43
5404,67,1,1,1,6,3,6,44
5405,67,1,1,1,6,3,6,45
5406,67,1,1,1,6,3,6,46
5407,67,1,1,1,6,3,6,47
5408,67,1,1,1,6,3,6,48
5409,67,1,1,1,6,3,6,49
5410,67,1,1,1,6,3,6,50
5411,67,1,1,1,6,3,6,51
5412,67,1,1,1,6,3,6,52
5413,67,1,1,1,6,3,6,53
5414,67,1,1,1,6,3,6,54
5415,67,1,1,1,6,3,6,55
5416,67,1,1,1,6,3,6,56
5417,67,1,1,1,6,3,6,57
5418,67,1,1,1,6,3,6,58
5419,67,1,1,1,6,3,6,59
5420,67,1,1,1,7,3,6,60
5421,67,1,1,1,7,3,6,61
5422,67,1,1,1,7,3,6,62
5423,67,1,1,1,7,3,6,63
5424,67,1,1,1,7,3,6,64
5425,67,1,1,1,7,3,6,65
5426,67,1,1,1,7,4,6,66
5427,67,1,1,1,7,4,6,67
5428,67,1,1,1,7,4,6,68
5429,67,1,1,1,7,4,6,69
5430,67,1,1,1,7,4,6,70
5431,67,1,1,1,7,4,6,71
5432,67,1,1,1,7,4,6,72
5433,67,1,1,1,7,4,6,73
5434,67,1,1,1,7,4,6,74
5435,67,1,1,1,7,4,6,75
5436,67,1,1,1,7,4,6,76
5437,67,1,1,1,7,4,6,77
5438,67,1,1,1,7,4,6,78
5439,67,1,1,1,7,4,6,79
5440,68,1,1,1,6,3,6,0
5441,68,1,1,1,6,3,6,1
5442,68,1,1,1,6,3,6,2
5443,68,1,1,1,6,3,6,3
5444,68,1,1,1,6,3,6,4
5445,68,1,1,1,6,3,6,5
5446,68,1,1,1,6,3,6,6
5447,68,1,1,1,6,3,6,7
5448,68,1,1,1,6,3,6,8
5449,68,1,1,1,6,3,6,9
5450,68,1,1,1,6,3,6,10
5451,68,1,1,1,6,3,6,11
5452,68,1,1,1,6,3,6,12
5453,68,1,1,1,6,3,6,13
5454,68,1,1,1,6,3,6,14
5455,68,1,1,1,6,3,6,15
5456,68,1,1,1,6,3,6,16
5457,68,1,1,1,6,3,6,17
5458,68,1,1,1,6,3,6,18
5459,68,1,1,1,6,3,6,19
5460,68,1,1,1,6,3,6,20
5461,68,1,1,1,6,3,6,21
5462,68,1,1,1,6,3,6,22
5463,68,1,1,1,6,3,6,23
5464,68,1,1,1,6,3,6,24
5465,68,1,1,1,6,4,6,25
5466,68,1,1,1,6,4,6,26
5467,68,1,1,1,6,4,6,27
5468,68,1,1,1,6,4,6,28
5469,68,1,1,1,6,4,6,29
5470,68,1,1,1,6,4,6,30
5471,68,1,1,1,6,4,6,31
5472,68,1,1,1,6,4,6,32
5473,68,1,1,1,6,4,6,33
5474,68,1,1,1,6,4,6,34
5475,68,1,1,1,6,4,6,35
5476,68,1,1,1,6,4,6,36
5477,68,1,1,1,6,4,6,37
5478,68,1,1,1,6,4,6,38
5479,68,1,1,1,6,4,6,39
5480,68,1,1,1,7,3,6,40
5481,68,1,1,1,7,3,6,41
5482,68,1,1,1,7,3,6,42
5483,68,1,1,1,7,3,6,43
5484,68,1,1,1,7,3,6,44
5485,68,1,1,1,7,3,6,45
5486,68,1,1,1,7,3,6,46
5487,68,1,1,1,7,3,6,47
5488,68,1,1,1,7,3,6,48
5489,68,1,1,1,7,3,6,49
5490,68,1,1,1,7,3,6,50
5491,68,1,1,1,7,3,6,51
5492,68,1,1,1,7,3,6,52
5493,68,1,1,1,7,3,6,53
5494,68,1,1,1,7,3,6,54
5495,68,1,1,1,7,3,6,55
5496,68,1,1,1,7,3,6,56
5497,68,1,1,1,7,3,6,57
5498,68,1,1,1,7,3,6,58
5499,68,1,1,1,7,3,6,59
5500,68,1,1,1,7,2,6,60
5501,68,1,1,1,7,3,6,61
5502,68,1,1,1,7,3,6,62
5503,68,1,1,1,7,3,6,63
5504,68,1,1,1,7,3,6,64
5505,68,1,1,1,7,4,6,65
5506,68,1,1,1,7,4,6,66
5507,68,1,1,1,7,4,6,67
5508,68,1,1,1,7,4,6,68
5509,68,1,1,1,7,4,6,69
5510,68,1,1,1,7,4,6,70
5511,68,1,1,1,7,4,6,71
5512,68,1,1,1,7,4,6,72
5513,68,1,1,1,7,4,6,73
5514,68,1,1,1,7,4,6,74
5515,68,1,1,1,7,4,6,75
5516,68,1,1,1,7,4,6,76
5517,68,1,1,1,7,4,6,77
5518,68,1,1,1,7,4,6,78
5519,68,1,1,1,7,4,6,79
5520,69,1,1,1,6,3,6,0
5521,69,1,1,1,6,3,6,1
5522,69,1,1,1,6,3,6,2
5523,69,1,1,1,6,3,6,3
5524,69,1,1,1,6,3,6,4
5525,69,1,1,1,6,3,6,5
5526,69,1,1,1,6,3,6,6
5527,69,1,1,1,6,3,6,7
5528,69,1,1,1,6,3,6,8
5529,69,1,1,1,6,3,6,9
5530,69,1,1,1,6,3,6,10
5531,69,1,1,1,6,3,6,11
5532,69,1,1,1,6,3,6,12
5533,69,1,1,1,6,3,6,13
5534,69,1,1,1,6,3,6,14
5535,69,1,1,1,6,3,6,15
5536,69,1,1,1,6,3,6,16
5537,69,1,1,1,6,3,6,17
5538,69,1,1,1,6,3,6,18
5539,69,1,1,1,6,3,6,19
5540,69,1,1,1,6,3,6,20
5541,69,1,1,1,6,3,6,21
5542,69,1,1,1,6,3,6,22
5543,69,1,1,1,6,3,6,23
5544,69,1,1,1,6,3,6,24
5545,69,1,1,1,6,4,6,25
5546,69,1,1,1,6,4,6,26
5547,69,1,1,1,6,4,6,27
5548,69,1,1,1,6,4,6,28
5549,69,1,1,1,6,4,6,29
5550,69,1,1,1,6,4,6,30
5551,69,1,1,1,6,4,6,31
5552,69,1,1,1,6,4,6,32
5553,69,1,1,1,6,4,6,33
5554,69,1,1,1,6,4,6,34
5555,69,1,1,1,6,4,6,35
5556,69,1,1,1,6,4,6,36
5557,69,1,1,1,6,4,6,37
5558,69,1,1,1,6,4,6,38
5559,69,1,1,1,6,4,6,39
5560,69,1,1,1,7,3,6,40
5561,69,1,1,1,7,3,6,41
5562,69,1,1,1,7,3,6,42
5563,69,1,1,1,7,3,6,43
5564,69,1,1,1,7,3,6,44
5565,69,1,1,1,7,3,6,45
5566,69,1,1,1,7,3,6,46
5567,69,1,1,1,7,3,6,47
5568,69,1,1,1,7,3,6,48
5569,69,1,1,1,7,3,6,49
5570,69,1,1,1,7,3,6,50
5571,69,1,1,1,7,3,6,51
5572,69,1,1,1,7,3,6,52
5573,69,1,1,1,7,3,6,53
5574,69,1,1,1,7,4,6,54
5575,69,1,1,1,7,3,6,55
5576,69,1,1,1,7,4,6,56
5577,69,1,1,1,7,4,6,57
5578,69,1,1,1,7,3,6,58
5579,69,1,1,1,7,3,6,59
5580,69,1,1,1,7,3,6,60
5581,69,1,1,1,7,3,6,61
5582,69,1,1,1,7,3,6,62
5583,69,1,1,1,7,3,6,63
5584,69,1,1,1,7,3,6,64
5585,69,1,1,1,7,3,6,65
5586,69,1,1,1,7,4,6,66
5587,69,1,1,1,7,4,6,67
5588,69,1,1,1,7,4,6,68
5589,69,1,1,1,7,4,6,69
5590,69,1,1,1,7,4,6,70
5591,69,1,1,1,7,4,6,71
5592,69,1,1,1,7,4,6,72
5593,69,1,1,1,7,4,6,73
5594,69,1,1,1,7,4,6,74
5595,69,1,1,1,7,4,6,75
5596,69,1,1,1,7,4,6,76
5597,69,1,1,1,7,4,6,77
5598,69,1,1,1,7,4,6,78
5599,69,1,1,1,7,4,6,79
5600,70,1,1,1,6,3,6,0
5601,70,1,1,1,6,3,6,1
5602,70,1,1,1,6,3,6,2
5603,70,1,1,1,6,3,6,3
5604,70,1,1,1,6,3,6,4
5605,70,1,1,1,6,3,6,5
5606,70,1,1,1,6,3,6,6
5607,70,1,1,1,6,3,6,7
5608,70,1,1,1,6,3,6,8
5609,70,1,1,1,6,3,6,9
5610,70,1,1,1,6,3,6,10
5611,70,1,1,1,6,3,6,11
5612,70,1,1,1,6,3,6,12
5613,70,1,1,1,6,3,6,13
5614,70,1,1,1,6,3,6,14
5615,70,1,1,1,6,3,6,15
5616,70,1,1,1,6,3,6,16
5617,70,1,1,1,6,4,6,17
5618,70,1,1,1,6,4,6,18
5619,70,1,1,1,6,4,6,19
5620,70,1,1,1,6,3,6,20
5621,70,1,1,1,6,3,6,21
5622,70,1,1,1,6,3,6,22
5623,70,1,1,1,6,3,6,23
5624,70,1,1,1,6,4,6,24
5625,70,1,1,1,6,4,6,25
5626,70,1,1,1,6,4,6,26
5627,70,1,1,1,6,4,6,27
5628,70,1,1,1,6,4,6,28
5629,70,1,1,1,6,4,6,29
5630,70,1,1,1,6,4,6,30
5631,70,1,1,1,6,4,6,31
5632,70,1,1,1,6,4,6,32
5633,70,1,1,1,6,4,6,33
5634,70,1,1,1,6,4,6,34
5635,70,1,1,1,6,4,6,35
5636,70,1,1,1,6,4,6,36
5637,70,1,1,1,6,4,6,37
5638,70,1,1,1,6,4,6,38
5639,70,1,1,1,6,4,6,39
5640,70,1,1,1,6,3,6,40
5641,70,1,1,1,6,3,6,41
5642,70,1,1,1,6,3,6,42
5643,70,1,1,1,6,3,6,43
5644,70,1,1,1,6,3,6,44
5645,70,1,1,1,6,3,6,45
5646,70,1,1,1,6,3,6,46
5647,70,1,1,1,6,3,6,47
5648,70,1,1,1,6,3,6,48
5649,70,1,1,1,6,3,6,49
5650,70,1,1,1,6,3,6,50
5651,70,1,1,1,6,3,6,51
5652,70,1,1,1,6,3,6,52
5653,70,1,1,1,6,3,6,53
5654,70,1,1,1,6,3,6,54
5655,70,1,1,1,6,3,6,55
5656,70,1,1,1,6,3,6,56
5657,70,1,1,1,6,3,6,57
5658,70,1,1,1,6,3,6,58
5659,70,1,1,1,6,3,6,59
5660,70,1,1,1,7,3,6,60
5661,70,1,1,1,7,3,6,61
5662,70,1,1,1,7,3,6,62
5663,70,1,1,1,7,3,6,63
5664,70,1,1,1,7,4,6,64
5665,70,1,1,1,7,4,6,65
5666,70,1,1,1,7,4,6,66
5667,70,1,1,1,7,4,6,67
5668,70,1,1,1,7,4,6,68
5669,70,1,1,1,7,4,6,69
5670,70,1,1,1,7,4,6,70
5671,70,1,1,1,7,4,6,71
5672,70,1,1,1,7,4,6,72
5673,70,1,1,1,7,4,6,73
5674,70,1,1,1,7,4,6,74
5675,70,1,1,1,7,4,6,75
5676,70,1,1,1,7,4,6,76
5677,70,1,1,1,7,4,6,77
5678,70,1,1,1,7,4,6,78
5679,70,1,1,1,7,4,6,79
5680,71,1,1,1,6,3,6,0
5681,71,1,1,1,6,3,6,1
5682,71,1,1,1,6,3,6,2
5683,71,1,1,1,6,3,6,3
5684,71,1,1,1,6,3,6,4
5685,71,1,1,1,6,3,6,5
5686,71,1,1,1,6,3,6,6
5687,71,1,1,1,6,3,6,7
5688,71,1,1,1,6,3,6,8
5689,71,1,1,1,6,3,6,9
5690,71,1,1,1,6,3,6,10
5691,71,1,1,1,6,3,6,11
5692,71,1,1,1,6,3,6,12
5693,71,1,1,1,6,3,6,13
5694,71,1,1,1,6,3,6,14
5695,71,1,1,1,6,3,6,15
5696,71,1,1,1,6,3,6,16
5697,71,1,1,1,6,3,6,17
5698,71,1,1,1,6,4,6,18
5699,71,1,1,1,6,4,6,19
5700,71,1,1,1,6,3,6,20
5701,71,1,1,1,6,3,6,21
5702,71,1,1,1,6,3,6,22
5703,71,1,1,1,6,3,6,23
5704,71,1,1,1,6,3,6,24
5705,71,1,1,1,6,4,6,25
5706,71,1,1,1,6,4,6,26
5707,71,1,1,1,6,4,6,27
5708,71,1,1,1,6,4,6,28
5709,71,1,1,1,6,4,6,29
5710,71,1,1,1,6,4,6,30
5711,71,1,1,1,6,4,6,31
5712,71,1,1,1,6,4,6,32
5713,71,1,1,1,6,4,6,33
5714,71,1,1,1,6,4,6,34
5715,71,1,1,1,6,4,6,35
5716,71,1,1,1,6,4,6,36
5717,71,1,1,1,6,4,6,37
5718,71,1,1,1,6,4,6,38
5719,71,1,1,1,6,4,6,39
5720,71,1,1,1,7,3,6,40
5721,71,1,1,1,7,3,6,41
5722,71,1,1,1,7,3,6,42
5723,71,1,1,1,7,3,6,43
5724,71,1,1,1,7,3,6,44
5725,71,1,1,1,7,3,6,45
5726,71,1,1,1,7,3,6,46
5727,71,1,1,1,7,3,6,47
5728,71,1,1,1,7,3,6,48
5729,71,1,1,1,7,3,6,49
5730,71,1,1,1,7,3,6,50
5731,71,1,1,1,7,3,6,51
5732,71,1,1,1,7,3,6,52
5733,71,1,1,1,7,3,6,53
5734,71,1,1,1,7,4,6,54
5735,71,1,1,1,7,3,6,55
5736,71,1,1,1,7,4,6,56
5737,71,1,1,1,7,4,6,57
5738,71,1,1,1,7,3,6,58
5739,71,1,1,1,7,4,6,59
5740,71,1,1,1,7,3,6,60
5741,71,1,1,1,7,3,6,61
5742,71,1,1,1,7,3,6,62
5743,71,1,1,1,7,3,6,63
5744,71,1,1,1,7,3,6,64
5745,71,1,1,1,7,4,6,65
5746,71,1,1,1,7,4,6,66
5747,71,1,1,1,7,4,6,67
5748,71,1,1,1,7,4,6,68
5749,71,1,1,1,7,4,6,69
5750,71,1,1,1,7,4,6,70
5751,71,1,1,1,7,4,6,71
5752,71,1,1,1,7,4,6,72
5753,71,1,1,1,7,4,6,73
5754,71,1,1,1,7,4,6,74
5755,71,1,1,1,7,4,6,75
5756,71,1,1,1,7,4,6,76
5757,71,1,1,1,7,4,6,77
5758,71,1,1,1,7,4,6,78
5759,71,1,1,1,7,4,6,79
5760,72,1,1,1,6,3,6,0
5761,72,1,1,1,6,3,6,1
5762,72,1,1,1,6,3,6,2
5763,72,1,1,1,6,3,6,3
5764,72,1,1,1,6,3,6,4
5765,72,1,1,1,6,3,6,5
5766,72,1,1,1,6,3,6,6
5767,72,1,1,1,6,3,6,7
5768,72,1,1,1,6,3,6,8
5769,72,1,1,1,6,3,6,9
5770,72,1,1,1,6,3,6,10
5771,72,1,1,1,6,3,6,11
5772,72,1,1,1,6,3,6,12
5773,72,1,1,1,6,3,6,13
5774,72,1,1,1,6,3,6,14
5775,72,1,1,1,6,3,6,15
5776,72,1,1,1,6,3,6,16
5777,72,1,1,1,6,4,6,17
5778,72,1,1,1,6,4,6,18
5779,72,1,1,1,6,4,6,19
5780,72,1,1,1,6,3,6,20
5781,72,1,1,1,6,3,6,21
5782,72,1,1,1,6,3,6,22
5783,72,1,1,1,6,3,6,23
5784,72,1,1,1,6,3,6,24
5785,72,1,1,1,6,4,6,25
5786,72,1,1,1,6,4,6,26
5787,72,1,1,1,6,4,6,27
5788,72,1,1,1,6,4,6,28
5789,72,1,1,1,6,4,6,29
5790,72,1,1,1,6,4,6,30
5791,72,1,1,1,6,4,6,31
5792,72,1,1,1,6,4,6,32
5793,72,1,1,1,6,4,6,33
5794,72,1,1,1,6,4,6,34
5795,72,1,1,1,6,4,6,35
5796,72,1,1,1,6,4,6,36
5797,72,1,1,1,6,4,6,37
5798,72,1,1,1,6,4,6,38
5799,72,1,1,1,6,4,6,39
5800,72,1,1,1,6,3,6,40
5801,72,1,1,1,6,3,6,41
5802,72,1,1,1,6,3,6,42
5803,72,1,1,1,6,3,6,43
5804,72,1,1,1,6,3,6,44
5805,72,1,1,1,6,3,6,45
5806,72,1,1,1,6,3,6,46
5807,72,1,1,1,6,3,6,47
5808,72,1,1,1,6,3,6,48
5809,72,1,1,1,6,3,6,49
5810,72,1,1,1,6,3,6,50
5811,72,1,1,1,6,3,6,51
5812,72,1,1,1,6,3,6,52
5813,72,1,1,1,6,3,6,53
5814,72,1,1,1,6,4,6,54
5815,72,1,1,1,6,3,6,55
5816,72,1,1,1,6,4,6,56
5817,72,1,1,1,6,4,6,57
5818,72,1,1,1,6,3,6,58
5819,72,1,1,1,6,4,6,59
5820,72,1,1,1,7,3,6,60
5821,72,1,1,1,7,3,6,61
5822,72,1,1,1,7,3,6,62
5823,72,1,1,1,7,3,6,63
5824,72,1,1,1,7,3,6,64
5825,72,1,1,1,7,3,6,65
5826,72,1,1,1,7,4,6,66
5827,72,1,1,1,7,4,6,67
5828,72,1,1,1,7,4,6,68
5829,72,1,1,1,7,4,6,69
5830,72,1,1,1,7,4,6,70
5831,72,1,1,1,7,4,6,71
5832,72,1,1,1,7,4,6,72
5833,72,1,1,1,7,4,6,73
5834,72,1,1,1,7,4,6,74
5835,72,1,1,1,7,4,6,75
5836,72,1,1,1,7,4,6,76
5837,72,1,1,1,7,4,6,77
5838,72,1,1,1,7,4,6,78
5839,72,1,1,1,7,4,6,79
5840,73,1,1,1,6,3,6,0
5841,73,1,1,1,6,3,6,1
5842,73,1,1,1,6,3,6,2
5843,73,1,1,1,6,3,6,3
5844,73,1,1,1,6,3,6,4
5845,73,1,1,1,6,3,6,5
5846,73,1,1,1,6,3,6,6
5847,73,1,1,1,6,3,6,7
5848,73,1,1,1,6,3,6,8
5849,73,1,1,1,6,3,6,9
5850,73,1,1,1,6,3,6,10
5851,73,1,1,1,6,3,6,11
5852,73,1,1,1,6,3,6,12
5853,73,1,1,1,6,3,6,13
5854,73,1,1,1,6,3,6,14
5855,73,1,1,1,6,3,6,15
5856,73,1,1,1,6,3,6,16
5857,73,1,1,1,6,4,6,17
5858,73,1,1,1,6,4,6,18
5859,73,1,1,1,6,4,6,19
5860,73,1,1,1,6,3,6,20
5861,73,1,1,1,6,3,6,21
5862,73,1,1,1,6,3,6,22
5863,73,1,1,1,6,3,6,23
5864,73,1,1,1,6,3,6,24
5865,73,1,1,1,6,4,6,25
5866,73,1,1,1,6,4,6,26
5867,73,1,1,1,6,4,6,27
5868,73,1,1,1,6,4,6,28
5869,73,1,1,1,6,4,6,29
5870,73,1,1,1,6,4,6,30
5871,73,1,1,1,6,4,6,31
5872,73,1,1,1,6,4,6,32
5873,73,1,1,1,6,4,6,33
5874,73,1,1,1,6,4,6,34
5875,73,1,1,1,6,4,6,35
5876,73,1,1,1,6,4,6,36
5877,73,1,1,1,6,4,6,37
5878,73,1,1,1,6,4,6,38
5879,73,1,1,1,6,4,6,39
5880,73,1,1,1,7,3,6,40
5881,73,1,1,1,7,3,6,41
5882,73,1,1,1,7,3,6,42
5883,73,1,1,1,7,3,6,43
5884,73,1,1,1,7,3,6,44
5885,73,1,1,1,7,3,6,45
5886,73,1,1,1,7,3,6,46
5887,73,1,1,1,7,3,6,47
5888,73,1,1,1,7,3,6,48
5889,73,1,1,1,7,3,6,49
5890,73,1,1,1,7,3,6,50
5891,73,1,1,1,7,3,6,51
5892,73,1,1,1,7,3,6,52
5893,73,1,1,1,7,3,6,53
5894,73,1,1,1,7,3,6,54
5895,73,1,1,1,7,3,6,55
5896,73,1,1,1,7,3,6,56
5897,73,1,1,1,7,4,6,57
5898,73,1,1,1,7,3,6,58
5899,73,1,1,1,7,3,6,59
5900,73,1,1,1,7,3,6,60
5901,73,1,1,1,7,3,6,61
5902,73,1,1,1,7,3,6,62
5903,73,1,1,1,7,3,6,63
5904,73,1,1,1,7,4,6,64
5905,73,1,1,1,7,4,6,65
5906,73,1,1,1,7,4,6,66
5907,73,1,1,1,7,4,6,67
5908,73,1,1,1,7,4,6,68
5909,73,1,1,1,7,4,6,69
5910,73,1,1,1,7,4,6,70
5911,73,1,1,1,7,4,6,71
5912,73,1,1,1,7,4,6,72
5913,73,1,1,1,7,4,6,73
5914,73,1,1,1,7,4,6,74
5915,73,1,1,1,7,4,6,75
5916,73,1,1,1,7,4,6,76
5917,73,1,1,1,7,4,6,77
5918,73,1,1,1,7,4,6,78
5919,73,1,1,1,7,4,6,79
5920,74,1,1,1,7,3,6,0
5921,74,1,1,1,7,3,6,1
5922,74,1,1,1,7,3,6,2
5923,74,1,1,1,7,3,6,3
5924,74,1,1,1,7,3,6,4
5925,74,1,1,1,7,3,6,5
5926,74,1,1,1,7,3,6,6
5927,74,1,1,1,7,3,6,7
5928,74,1,1,1,7,3,6,8
5929,74,1,1,1,7,3,6,9
5930,74,1,1,1,7,3,6,10
5931,74,1,1,1,7,3,6,11
5932,74,1,1,1,7,3,6,12
5933,74,1,1,1,7,3,6,13
5934,74,1,1,1,7,3,6,14
5935,74,1,1,1,7,3,6,15
5936,74,1,1,1,7,3,6,16
5937,74,1,1,1,7,3,6,17
5938,74,1,1,1,7,3,6,18
5939,74,1,1,1,7,3,6,19
5940,74,1,1,1,6,3,6,20
5941,74,1,1,1,6,3,6,21
5942,74,1,1,1,6,3,6,22
5943,74,1,1,1,6,3,6,23
5944,74,1,1,1,6,3,6,24
5945,74,1,1,1,6,4,6,25
5946,74,1,1,1,6,4,6,26
5947,74,1,1,1,6,4,6,27
5948,74,1,1,1,6,4,6,28
5949,74,1,1,1,6,4,6,29
5950,74,1,1,1,6,4,6,30
5951,74,1,1,1,6,4,6,31
5952,74,1,1,1,6,4,6,32
5953,74,1,1,1,6,4,6,33
5954,74,1,1,1,6,4,6,34
5955,74,1,1,1,6,4,6,35
5956,74,1,1,1,6,4,6,36
5957,74,1,1,1,6,4,6,37
5958,74,1,1,1,6,4,6,38
5959,74,1,1,1,6,4,6,39
5960,74,1,1,1,6,3,6,40
5961,74,1,1,1,6,3,6,41
5962,74,1,1,1,6,3,6,42
5963,74,1,1,1,6,3,6,43
5964,74,1,1,1,6,3,6,44
5965,74,1,1,1,6,3,6,45
5966,74,1,1,1,6,3,6,46
5967,74,1,1,1,6,3,6,47
5968,74,1,1,1,6,3,6,48
5969,74,1,1,1,6,3,6,49
5970,74,1,1,1,6,3,6,50
5971,74,1,1,1,6,3,6,51
5972,74,1,1,1,6,3,6,52
5973,74,1,1,1,6,3,6,53
5974,74,1,1,1,6,4,6,54
5975,74,1,1,1,6,4,6,55
5976,74,1,1,1,6,4,6,56
5977,74,1,1,1,6,4,6,57
5978,74,1,1,1,6,3,6,58
5979,74,1,1,1,6,4,6,59
5980,74,1,1,1,7,3,6,60
5981,74,1,1,1,7,3,6,61
5982,74,1,1,1,7,3,6,62
5983,74,1,1,1,7,3,6,63
5984,74,1,1,1,7,4,6,64
5985,74,1,1,1,7,4,6,65
5986,74,1,1,1,7,4,6,66
5987,74,1,1,1,7,4,6,67
5988,74,1,1,1,7,4,6,68
5989,74,1,1,1,7,4,6,69
5990,74,1,1,1,7,4,6,70
5991,74,1,1,1,7,4,6,71
5992,74,1,1,1,7,4,6,72
5993,74,1,1,1,7,4,6,73
5994,74,1,1,1,7,4,6,74
5995,74,1,1,1,7,4,6,75
5996,74,1,1,1,7,4,6,76
5997,74,1,1,1,7,4,6,77
5998,74,1,1,1,7,4,6,78
5999,74,1,1,1,7,4,6,79
6000,75,1,1,1,6,3,6,0
6001,75,1,1,1,6,3,6,1
6002,75,1,1,1,6,3,6,2
6003,75,1,1,1,6,3,6,3
6004,75,1,1,1,6,3,6,4
6005,75,1,1,1,6,3,6,5
6006,75,1,1,1,6,3,6,6
6007,75,1,1,1,6,3,6,7
6008,75,1,1,1,6,3,6,8
6009,75,1,1,1,6,3,6,9
6010,75,1,1,1,6,3,6,10
6011,75,1,1,1,6,3,6,11
6012,75,1,1,1,6,3,6,12
6013,75,1,1,1,6,3,6,13
6014,75,1,1,1,6,3,6,14
6015,75,1,1,1,6,3,6,15
6016,75,1,1,1,6,3,6,16
6017,75,1,1,1,6,4,6,17
6018,75,1,1,1,6,3,6,18
6019,75,1,1,1,6,4,6,19
6020,75,1,1,1,6,3,6,20
6021,75,1,1,1,6,3,6,21
6022,75,1,1,1,6,3,6,22
6023,75,1,1,1,6,3,6,23
6024,75,1,1,1,6,3,6,24
6025,75,1,1,1,6,4,6,25
6026,75,1,1,1,6,4,6,26
6027,75,1,1,1,6,4,6,27
6028,75,1,1,1,6,4,6,28
6029,75,1,1,1,6,4,6,29
6030,75,1,1,1,6,4,6,30
6031,75,1,1,1,6,4,6,31
6032,75,1,1,1,6,4,6,32
6033,75,1,1,1,6,4,6,33
6034,75,1,1,1,6,4,6,34
6035,75,1,1,1,6,4,6,35
6036,75,1,1,1,6,4,6,36
6037,75,1,1,1,6,4,6,37
6038,75,1,1,1,6,4,6,38
6039,75,1,1,1,6,4,6,39
6040,75,1,1,1,6,3,6,40
6041,75,1,1,1,6,3,6,41
6042,75,1,1,1,6,3,6,42
6043,75,1,1,1,6,3,6,43
6044,75,1,1,1,6,3,6,44
6045,75,1,1,1,6,3,6,45
6046,75,1,1,1,6,3,6,46
6047,75,1,1,1,6,3,6,47
6048,75,1,1,1,6,3,6,48
6049,75,1,1,1,6,3,6,49
6050,75,1,1,1,6,3,6,50
6051,75,1,1,1,6,3,6,51
6052,75,1,1,1,6,3,6,52
6053,75,1,1,1,6,3,6,53
6054,75,1,1,1,6,4,6,54
6055,75,1,1,1,6,3,6,55
6056,75,1,1,1,6,4,6,56
6057,75,1,1,1,6,4,6,57
6058,75,1,1,1,6,3,6,58
6059,75,1,1,1,6,4,6,59
6060,75,1,1,1,7,3,6,60
6061,75,1,1,1,7,3,6,61
6062,75,1,1,1,7,3,6,62
6063,75,1,1,1,7,3,6,63
6064,75,1,1,1,7,3,6,64
6065,75,1,1,1,7,4,6,65
6066,75,1,1,1,7,4,6,66
6067,75,1,1,1,7,4,6,67
6068,75,1,1,1,7,4,6,68
6069,75,1,1,1,7,4,6,69
6070,75,1,1,1,7,4,6,70
6071,75,1,1,1,7,4,6,71
6072,75,1,1,1,7,4,6,72
6073,75,1,1,1,7,4,6,73
6074,75,1,1,1,7,4,6,74
6075,75,1,1,1,7,4,6,75
6076,75,1,1,1,7,4,6,76
6077,75,1,1,1,7,4,6,77
6078,75,1,1,1,7,4,6,78
6079,75,1,1,1,7,4,6,79
6080,76,1,1,1,6,3,6,0
6081,76,1,1,1,6,3,6,1
6082,76,1,1,1,6,3,6,2
6083,76,1,1,1,6,3,6,3
6084,76,1,1,1,6,3,6,4
6085,76,1,1,1,6,3,6,5
6086,76,1,1,1,6,3,6,6
6087,76,1,1,1,6,3,6,7
6088,76,1,1,1,6,3,6,8
6089,76,1,1,1,6,3,6,9
6090,76,1,1,1,6,3,6,10
6091,76,1,1,1,6,3,6,11
6092,76,1,1,1,6,3,6,12
6093,76,1,1,1,6,3,6,13
6094,76,1,1,1,6,3,6,14
6095,76,1,1,1,6,3,6,15
6096,76,1,1,1,6,3,6,16
6097,76,1,1,1,6,4,6,17
6098,76,1,1,1,6,3,6,18
6099,76,1,1,1,6,4,6,19
6100,76,1,1,1,6,3,6,20
6101,76,1,1,1,6,3,6,21
6102,76,1,1,1,6,3,6,22
6103,76,1,1,1,6,3,6,23
6104,76,1,1,1,6,3,6,24
6105,76,1,1,1,6,4,6,25
6106,76,1,1,1,6,4,6,26
6107,76,1,1,1,6,4,6,27
6108,76,1,1,1,6,4,6,28
6109,76,1,1,1,6,4,6,29
6110,76,1,1,1,6,4,6,30
6111,76,1,1,1,6,4,6,31
6112,76,1,1,1,6,4,6,32
6113,76,1,1,1,6,4,6,33
6114,76,1,1,1,6,4,6,34
6115,76,1,1,1,6,4,6,35
6116,76,1,1,1,6,4,6,36
6117,76,1,1,1,6,4,6,37
6118,76,1,1,1,6,4,6,38
6119,76,1,1,1,6,4,6,39
6120,76,1,1,1,6,3,6,40
6121,76,1,1,1,6,3,6,41
6122,76,1,1,1,6,3,6,42
6123,76,1,1,1,6,3,6,43
6124,76,1,1,1,6,3,6,44
6125,76,1,1,1,6,3,6,45
6126,76,1,1,1,6,3,6,46
6127,76,1,1,1,6,3,6,47
6128,76,1,1,1,6,3,6,48
6129,76,1,1,1,6,3,6,49
6130,76,1,1,1,6,3,6,50
6131,76,1,1,1,6,3,6,51
6132,76,1,1,1,6,3,6,52
6133,76,1,1,1,6,3,6,53
6134,76,1,1,1,6,4,6,54
6135,76,1,1,1,6,3,6,55
6136,76,1,1,1,6,3,6,56
6137,76,1,1,1,6,4,6,57
6138,76,1,1,1,6,3,6,58
6139,76,1,1,1,6,3,6,59
6140,76,1,1,1,6,3,6,60
6141,76,1,1,1,6,3,6,61
6142,76,1,1,1,6,3,6,62
6143,76,1,1,1,6,3,6,63
6144,76,1,1,1,6,4,6,64
6145,76,1,1,1,6,3,6,65
6146,76,1,1,1,6,4,6,66
6147,76,1,1,1,6,4,6,67
6148,76,1,1,1,6,4,6,68
6149,76,1,1,1,6,4,6,69
6150,76,1,1,1,6,4,6,70
6151,76,1,1,1,6,4,6,71
6152,76,1,1,1,6,4,6,72
6153,76,1,1,1,6,4,6,73
6154,76,1,1,1,6,4,6,74
6155,76,1,1,1,6,4,6,75
6156,76,1,1,1,6,4,6,76
6157,76,1,1,1,6,4,6,77
6158,76,1,1,1,6,4,6,78
6159,76,1,1,1,6,4,6,79
6160,77,1,1,1,6,3,6,0
6161,77,1,1,1,6,3,6,1
6162,77,1,1,1,6,3,6,2
6163,77,1,1,1,6,3,6,3
6164,77,1,1,1,6,3,6,4
6165,77,1,1,1,6,3,6,5
6166,77,1,1,1,6,3,6,6
6167,77,1,1,1,6,3,6,7
6168,77,1,1,1,6,3,6,8
6169,77,1,1,1,6,3,6,9
6170,77,1,1,1,6,3,6,10
6171,77,1,1,1,6,3,6,11
6172,77,1,1,1,6,3,6,12
6173,77,1,1,1,6,3,6,13
6174,77,1,1,1,6,3,6,14
6175,77,1,1,1,6,3,6,15
6176,77,1,1,1,6,3,6,16
6177,77,1,1,1,6,3,6,17
6178,77,1,1,1,6,3,6,18
6179,77,1,1,1,6,3,6,19
6180,77,1,1,1,6,3,6,20
6181,77,1,1,1,6,3,6,21
6182,77,1,1,1,6,3,6,22
6183,77,1,1,1,6,3,6,23
6184,77,1,1,1,6,3,6,24
6185,77,1,1,1,6,4,6,25
6186,77,1,1,1,6,4,6,26
6187,77,1,1,1,6,4,6,27
6188,77,1,1,1,6,4,6,28
6189,77,1,1,1,6,4,6,29
6190,77,1,1,1,6,4,6,30
6191,77,1,1,1,6,4,6,31
6192,77,1,1,1,6,4,6,32
6193,77,1,1,1,6,4,6,33
6194,77,1,1,1,6,4,6,34
6195,77,1,1,1,6,4,6,35
6196,77,1,1,1,6,4,6,36
6197,77,1,1,1,6,4,6,37
6198,77,1,1,1,6,4,6,38
6199,77,1,1,1,6,4,6,39
6200,77,1,1,1,7,3,6,40
6201,77,1,1,1,7,3,6,41
6202,77,1,1,1,7,3,6,42
6203,77,1,1,1,7,3,6,43
6204,77,1,1,1,7,3,6,44
6205,77,1,1,1,7,3,6,45
6206,77,1,1,1,7,3,6,46
6207,77,1,1,1,7,3,6,47
6208,77,1,1,1,7,3,6,48
6209,77,1,1,1,7,3,6,49
6210,77,1,1,1,7,3,6,50
6211,77,1,1,1,7,3,6,51
6212,77,1,1,1,7,3,6,52
6213,77,1,1,1,7,3,6,53
6214,77,1,1,1,7,4,6,54
6215,77,1,1,1,7,3,6,55
6216,77,1,1,1,7,4,6,56
6217,77,1,1,1,7,4,6,57
6218,77,1,1,1,7,3,6,58
6219,77,1,1,1,7,4,6,59
6220,77,1,1,1,6,3,6,60
6221,77,1,1,1,6,3,6,61
6222,77,1,1,1,6,3,6,62
6223,77,1,1,1,6,3,6,63
6224,77,1,1,1,6,3,6,64
6225,77,1,1,1,6,3,6,65
6226,77,1,1,1,6,4,6,66
6227,77,1,1,1,6,4,6,67
6228,77,1,1,1,6,4,6,68
6229,77,1,1,1,6,4,6,69
6230,77,1,1,1,6,4,6,70
6231,77,1,1,1,6,4,6,71
6232,77,1,1,1,6,4,6,72
6233,77,1,1,1,6,4,6,73
6234,77,1,1,1,6,4,6,74
6235,77,1,1,1,6,4,6,75
6236,77,1,1,1,6,4,6,76
6237,77,1,1,1,6,4,6,77
6238,77,1,1,1,6,4,6,78
6239,77,1,1,1,6,4,6,79
6240,78,1,1,1,6,2,6,0
6241,78,1,1,1,6,3,6,1
6242,78,1,1,1,6,3,6,2
6243,78,1,1,1,6,3,6,3
6244,78,1,1,1,6,3,6,4
6245,78,1,1,1,6,3,6,5
6246,78,1,1,1,6,3,6,6
6247,78,1,1,1,6,3,6,7
6248,78,1,1,1,6,3,6,8
6249,78,1,1,1,6,3,6,9
6250,78,1,1,1,6,3,6,10
6251,78,1,1,1,6,3,6,11
6252,78,1,1,1,6,3,6,12
6253,78,1,1,1,6,3,6,13
6254,78,1,1,1,6,3,6,14
6255,78,1,1,1,6,3,6,15
6256,78,1,1,1,6,3,6,16
6257,78,1,1,1,6,3,6,17
6258,78,1,1,1,6,3,6,18
6259,78,1,1,1,6,3,6,19
6260,78,1,1,1,6,3,6,20
6261,78,1,1,1,6,3,6,21
6262,78,1,1,1,6,3,6,22
6263,78,1,1,1,6,3,6,23
6264,78,1,1,1,6,3,6,24
6265,78,1,1,1,6,4,6,25
6266,78,1,1,1,6,4,6,26
6267,78,1,1,1,6,4,6,27
6268,78,1,1,1,6,4,6,28
6269,78,1,1,1,6,4,6,29
6270,78,1,1,1,6,4,6,30
6271,78,1,1,1,6,4,6,31
6272,78,1,1,1,6,4,6,32
6273,78,1,1,1,6,4,6,33
6274,78,1,1,1,6,4,6,34
6275,78,1,1,1,6,4,6,35
6276,78,1,1,1,6,4,6,36
6277,78,1,1,1,6,4,6,37
6278,78,1,1,1,6,4,6,38
6279,78,1,1,1,6,4,6,39
6280,78,1,1,1,7,3,6,40
6281,78,1,1,1,7,3,6,41
6282,78,1,1,1,7,3,6,42
6283,78,1,1,1,7,3,6,43
6284,78,1,1,1,7,3,6,44
6285,78,1,1,1,7,3,6,45
6286,78,1,1,1,7,3,6,46
6287,78,1,1,1,7,3,6,47
6288,78,1,1,1,7,3,6,48
6289,78,1,1,1,7,3,6,49
6290,78,1,1,1,7,3,6,50
6291,78,1,1,1,7,3,6,51
6292,78,1,1,1,7,3,6,52
6293,78,1,1,1,7,3,6,53
6294,78,1,1,1,7,4,6,54
6295,78,1,1,1,7,3,6,55
6296,78,1,1,1,7,4,6,56
6297,78,1,1,1,7,4,6,57
6298,78,1,1,1,7,3,6,58
6299,78,1,1,1,7,4,6,59
6300,78,1,1,1,7,3,6,60
6301,78,1,1,1,7,3,6,61
6302,78,1,1,1,7,3,6,62
6303,78,1,1,1,7,3,6,63
6304,78,1,1,1,7,3,6,64
6305,78,1,1,1,7,3,6,65
6306,78,1,1,1,7,4,6,66
6307,78,1,1,1,7,4,6,67
6308,78,1,1,1,7,4,6,68
6309,78,1,1,1,7,4,6,69
6310,78,1,1,1,7,4,6,70
6311,78,1,1,1,7,4,6,71
6312,78,1,1,1,7,4,6,72
6313,78,1,1,1,7,4,6,73
6314,78,1,1,1,7,4,6,74
6315,78,1,1,1,7,4,6,75
6316,78,1,1,1,7,4,6,76
6317,78,1,1,1,7,4,6,77
6318,78,1,1,1,7,4,6,78
6319,78,1,1,1,7,4,6,79
6320,79,1,1,1,7,3,6,0
6321,79,1,1,1,7,3,6,1
6322,79,1,1,1,7,3,6,2
6323,79,1,1,1,7,3,6,3
6324,79,1,1,1,7,3,6,4
6325,79,1,1,1,7,3,6,5
6326,79,1,1,1,7,3,6,6
6327,79,1,1,1,7,3,6,7
6328,79,1,1,1,7,3,6,8
6329,79,1,1,1,7,3,6,9
6330,79,1,1,1,7,3,6,10
6331,79,1,1,1,7,3,6,11
6332,79,1,1,1,7,3,6,12
6333,79,1,1,1,7,3,6,13
6334,79,1,1,1,7,3,6,14
6335,79,1,1,1,7,3,6,15
6336,79,1,1,1,7,3,6,16
6337,79,1,1,1,7,4,6,17
6338,79,1,1,1,7,4,6,18
6339,79,1,1,1,7,4,6,19
6340,79,1,1,1,6,3,6,20
6341,79,1,1,1,6,3,6,21
6342,79,1,1,1,6,3,6,22
6343,79,1,1,1,6,3,6,23
6344,79,1,1,1,6,3,6,24
6345,79,1,1,1,6,4,6,25
6346,79,1,1,1,6,4,6,26
6347,79,1,1,1,6,4,6,27
6348,79,1,1,1,6,4,6,28
6349,79,1,1,1,6,4,6,29
6350,79,1,1,1,6,4,6,30
6351,79,1,1,1,6,4,6,31
6352,79,1,1,1,6,4,6,32
6353,79,1,1,1,6,4,6,33
6354,79,1,1,1,6,4,6,34
6355,79,1,1,1,6,4,6,35
6356,79,1,1,1,6,4,6,36
6357,79,1,1,1,6,4,6,37
6358,79,1,1,1,6,4,6,38
6359,79,1,1,1,6,4,6,39
6360,79,1,1,1,6,3,6,40
6361,79,1,1,1,6,3,6,41
6362,79,1,1,1,6,3,6,42
6363,79,1,1,1,6,3,6,43
6364,79,1,1,1,6,3,6,44
6365,79,1,1,1,6,3,6,45
6366,79,1,1,1,6,3,6,46
6367,79,1,1,1,6,3,6,47
6368,79,1,1,1,6,3,6,48
6369,79,1,1,1,6,3,6,49
6370,79,1,1,1,6,3,6,50
6371,79,1,1,1,6,3,6,51
6372,79,1,1,1,6,3,6,52
6373,79,1,1,1,6,3,6,53
6374,79,1,1,1,6,3,6,54
6375,79,1,1,1,6,3,6,55
6376,79,1,1,1,6,3,6,56
6377,79,1,1,1,6,4,6,57
6378,79,1,1,1,6,3,6,58
6379,79,1,1,1,6,3,6,59
6380,79,1,1,1,7,3,6,60
6381,79,1,1,1,7,3,6,61
6382,79,1,1,1,7,3,6,62
6383,79,1,1,1,7,3,6,63
6384,79,1,1,1,7,4,6,64
6385,79,1,1,1,7,4,6,65
6386,79,1,1,1,7,4,6,66
6387,79,1,1,1,7,4,6,67
6388,79,1,1,1,7,4,6,68
6389,79,1,1,1,7,4,6,69
6390,79,1,1,1,7,4,6,70
6391,79,1,1,1,7,4,6,71
6392,79,1,1,1,7,4,6,72
6393,79,1,1,1,7,4,6,73
6394,79,1,1,1,7,4,6,74
6395,79,1,1,1,7,4,6,75
6396,79,1,1,1,7,4,6,76
6397,79,1,1,1,7,4,6,77
6398,79,1,1,1,7,4,6,78
6399,79,1,1,1,7,4,6,79
6400,80,1,1,1,6,3,6,0
6401,80,1,1,1,6,3,6,1
6402,80,1,1,1,6,3,6,2
6403,80,1,1,1,6,3,6,3
6404,80,1,1,1,6,3,6,4
6405,80,1,1,1,6,3,6,5
6406,80,1,1,1,6,3,6,6
6407,80,1,1,1,6,3,6,7
6408,80,1,1,1,6,3,6,8
6409,80,1,1,1,6,3,6,9
6410,80,1,1,1,6,3,6,10
6411,80,1,1,1,6,3,6,11
6412,80,1,1,1,6,3,6,12
6413,80,1,1,1,6,3,6,13
6414,80,1,1,1,6,3,6,14
6415,80,1,1,1,6,3,6,15
6416,80,1,1,1,6,3,6,16
6417,80,1,1,1,6,3,6,17
6418,80,1,1,1,6,3,6,18
6419,80,1,1,1,6,3,6,19
6420,80,1,1,1,6,3,6,20
6421,80,1,1,1,6,3,6,21
6422,80,1,1,1,6,3,6,22
6423,80,1,1,1,6,3,6,23
6424,80,1,1,1,6,3,6,24
6425,80,1,1,1,6,4,6,25
6426,80,1,1,1,6,4,6,26
6427,80,1,1,1,6,4,6,27
6428,80,1,1,1,6,4,6,28
6429,80,1,1,1,6,4,6,29
6430,80,1,1,1,6,4,6,30
6431,80,1,1,1,6,4,6,31
6432,80,1,1,1,6,4,6,32
6433,80,1,1,1,6,4,6,33
6434,80,1,1,1,6,4,6,34
6435,80,1,1,1,6,4,6,35
6436,80,1,1,1,6,4,6,36
6437,80,1,1,1,6,4,6,37
6438,80,1,1,1,6,4,6,38
6439,80,1,1,1,6,4,6,39
6440,80,1,1,1,6,3,6,40
6441,80,1,1,1,6,3,6,41
6442,80,1,1,1,6,3,6,42
6443,80,1,1,1,6,3,6,43
6444,80,1,1,1,6,3,6,44
6445,80,1,1,1,6,3,6,45
6446,80,1,1,1,6,3,6,46
6447,80,1,1,1,6,3,6,47
6448,80,1,1,1,6,3,6,48
6449,80,1,1,1,6,3,6,49
6450,80,1,1,1,6,3,6,50
6451,80,1,1,1,6,3,6,51
6452,80,1,1,1,6,3,6,52
6453,80,1,1,1,6,3,6,53
6454,80,1,1,1,6,4,6,54
6455,80,1,1,1,6,3,6,55
6456,80,1,1,1,6,4,6,56
6457,80,1,1,1,6,4,6,57
6458,80,1,1,1,6,3,6,58
6459,80,1,1,1,6,4,6,59
6460,80,1,1,1,7,3,6,60
6461,80,1,1,1,7,3,6,61
6462,80,1,1,1,7,3,6,62
6463,80,1,1,1,7,3,6,63
6464,80,1,1,1,7,4,6,64
6465,80,1,1,1,7,4,6,65
6466,80,1,1,1,7,4,6,66
6467,80,1,1,1,7,4,6,67
6468,80,1,1,1,7,4,6,68
6469,80,1,1,1,7,4,6,69
6470,80,1,1,1,7,4,6,70
6471,80,1,1,1,7,4,6,71
6472,80,1,1,1,7,4,6,72
6473,80,1,1,1,7,4,6,73
6474,80,1,1,1,7,4,6,74
6475,80,1,1,1,7,4,6,75
6476,80,1,1,1,7,4,6,76
6477,80,1,1,1,7,4,6,77
6478,80,1,1,1,7,4,6,78
6479,80,1,1,1,7,4,6,79
6480,81,1,1,1,6,3,6,0
6481,81,1,1,1,6,3,6,1
6482,81,1,1,1,6,3,6,2
6483,81,1,1,1,6,3,6,3
6484,81,1,1,1,6,3,6,4
6485,81,1,1,1,6,3,6,5
6486,81,1,1,1,6,3,6,6
6487,81,1,1,1,6,3,6,7
6488,81,1,1,1,6,3,6,8
6489,81,1,1,1,6,3,6,9
6490,81,1,1,1,6,3,6,10
6491,81,1,1,1,6,3,6,11
6492,81,1,1,1,6,3,6,12
6493,81,1,1,1,6,3,6,13
6494,81,1,1,1,6,3,6,14
6495,81,1,1,1,6,3,6,15
6496,81,1,1,1,6,3,6,16
6497,81,1,1,1,6,3,6,17
6498,81,1,1,1,6,4,6,18
6499,81,1,1,1,6,4,6,19
6500,81,1,1,1,6,3,6,20
6501,81,1,1,1,6,3,6,21
6502,81,1,1,1,6,3,6,22
6503,81,1,1,1,6,3,6,23
6504,81,1,1,1,6,3,6,24
6505,81,1,1,1,6,4,6,25
6506,81,1,1,1,6,4,6,26
6507,81,1,1,1,6,4,6,27
6508,81,1,1,1,6,4,6,28
6509,81,1,1,1,6,4,6,29
6510,81,1,1,1,6,4,6,30
6511,81,1,1,1,6,4,6,31
6512,81,1,1,1,6,4,6,32
6513,81,1,1,1,6,4,6,33
6514,81,1,1,1,6,4,6,34
6515,81,1,1,1,6,4,6,35
6516,81,1,1,1,6,4,6,36
6517,81,1,1,1,6,4,6,37
6518,81,1,1,1,6,4,6,38
6519,81,1,1,1,6,4,6,39
6520,81,1,1,1,7,3,6,40
6521,81,1,1,1,7,3,6,41
6522,81,1,1,1,7,3,6,42
6523,81,1,1,1,7,3,6,43
6524,81,1,1,1,7,3,6,44
6525,81,1,1,1,7,3,6,45
6526,81,1,1,1,7,3,6,46
6527,81,1,1,1,7,3,6,47
6528,81,1,1,1,7,3,6,48
6529,81,1,1,1,7,3,6,49
6530,81,1,1,1,7,3,6,50
6531,81,1,1,1,7,3,6,51
6532,81,1,1,1,7,3,6,52
6533,81,1,1,1,7,3,6,53
6534,81,1,1,1,7,4,6,54
6535,81,1,1,1,7,3,6,55
6536,81,1,1,1,7,3,6,56
6537,81,1,1,1,7,4,6,57
6538,81,1,1,1,7,3,6,58
6539,81,1,1,1,7,4,6,59
6540,81,1,1,1,6,3,6,60
6541,81,1,1,1,6,3,6,61
6542,81,1,1,1,6,3,6,62
6543,81,1,1,1,6,3,6,63
6544,81,1,1,1,6,4,6,64
6545,81,1,1,1,6,4,6,65
6546,81,1,1,1,6,4,6,66
6547,81,1,1,1,6,4,6,67
6548,81,1,1,1,6,4,6,68
6549,81,1,1,1,6,4,6,69
6550,81,1,1,1,6,4,6,70
6551,81,1,1,1,6,4,6,71
6552,81,1,1,1,6,4,6,72
6553,81,1,1,1,6,4,6,73
6554,81,1,1,1,6,4,6,74
6555,81,1,1,1,6,4,6,75
6556,81,1,1,1,6,4,6,76
6557,81,1,1,1,6,4,6,77
6558,81,1,1,1,6,4,6,78
6559,81,1,1,1,6,4,6,79
6560,82,1,1,1,6,3,6,0
6561,82,1,1,1,6,3,6,1
6562,82,1,1,1,6,3,6,2
6563,82,1,1,1,6,3,6,3
6564,82,1,1,1,6,3,6,4
6565,82,1,1,1,6,3,6,5
6566,82,1,1,1,6,3,6,6
6567,82,1,1,1,6,3,6,7
6568,82,1,1,1,6,3,6,8
6569,82,1,1,1,6,3,6,9
6570,82,1,1,1,6,3,6,10
6571,82,1,1,1,6,3,6,11
6572,82,1,1,1,6,3,6,12
6573,82,1,1,1,6,3,6,13
6574,82,1,1,1,6,3,6,14
6575,82,1,1,1,6,3,6,15
6576,82,1,1,1,6,3,6,16
6577,82,1,1,1,6,3,6,17
6578,82,1,1,1,6,3,6,18
6579,82,1,1,1,6,3,6,19
6580,82,1,1,1,6,3,6,20
6581,82,1,1,1,6,3,6,21
6582,82,1,1,1,6,3,6,22
6583,82,1,1,1,6,3,6,23
6584,82,1,1,1,6,3,6,24
6585,82,1,1,1,6,3,6,25
6586,82,1,1,1,6,4,6,26
6587,82,1,1,1,6,4,6,27
6588,82,1,1,1,6,4,6,28
6589,82,1,1,1,6,4,6,29
6590,82,1,1,1,6,4,6,30
6591,82,1,1,1,6,3,6,31
6592,82,1,1,1,6,4,6,32
6593,82,1,1,1,6,4,6,33
6594,82,1,1,1,6,4,6,34
6595,82,1,1,1,6,4,6,35
6596,82,1,1,1,6,4,6,36
6597,82,1,1,1,6,4,6,37
6598,82,1,1,1,6,4,6,38
6599,82,1,1,1,6,4,6,39
6600,82,1,1,1,6,3,6,40
6601,82,1,1,1,6,3,6,41
6602,82,1,1,1,6,3,6,42
6603,82,1,1,1,6,3,6,43
6604,82,1,1,1,6,3,6,44
6605,82,1,1,1,6,3,6,45
6606,82,1,1,1,6,3,6,46
6607,82,1,1,1,6,3,6,47
6608,82,1,1,1,6,3,6,48
6609,82,1,1,1,6,3,6,49
6610,82,1,1,1,6,3,6,50
6611,82,1,1,1,6,3,6,51
6612,82,1,1,1,6,3,6,52
6613,82,1,1,1,6,3,6,53
6614,82,1,1,1,6,3,6,54
6615,82,1,1,1,6,3,6,55
6616,82,1,1,1,6,3,6,56
6617,82,1,1,1,6,4,6,57
6618,82,1,1,1,6,3,6,58
6619,82,1,1,1,6,3,6,59
6620,82,1,1,1,7,3,6,60
6621,82,1,1,1,7,3,6,61
6622,82,1,1,1,7,3,6,62
6623,82,1,1,1,7,3,6,63
6624,82,1,1,1,7,3,6,64
6625,82,1,1,1,7,3,6,65
6626,82,1,1,1,7,3,6,66
6627,82,1,1,1,7,3,6,67
6628,82,1,1,1,7,4,6,68
6629,82,1,1,1,7,4,6,69
6630,82,1,1,1,7,4,6,70
6631,82,1,1,1,7,4,6,71
6632,82,1,1,1,7,4,6,72
6633,82,1,1,1,7,4,6,73
6634,82,1,1,1,7,4,6,74
6635,82,1,1,1,7,4,6,75
6636,82,1,1,1,7,4,6,76
6637,82,1,1,1,7,4,6,77
6638,82,1,1,1,7,4,6,78
6639,82,1,1,1,7,4,6,79
6640,83,1,1,1,6,3,6,0
6641,83,1,1,1,6,3,6,1
6642,83,1,1,1,6,3,6,2
6643,83,1,1,1,6,3,6,3
6644,83,1,1,1,6,3,6,4
6645,83,1,1,1,6,3,6,5
6646,83,1,1,1,6,3,6,6
6647,83,1,1,1,6,3,6,7
6648,83,1,1,1,6,3,6,8
6649,83,1,1,1,6,3,6,9
6650,83,1,1,1,6,3,6,10
6651,83,1,1,1,6,3,6,11
6652,83,1,1,1,6,3,6,12
6653,83,1,1,1,6,3,6,13
6654,83,1,1,1,6,3,6,14
6655,83,1,1,1,6,3,6,15
6656,83,1,1,1,6,3,6,16
6657,83,1,1,1,6,3,6,17
6658,83,1,1,1,6,3,6,18
6659,83,1,1,1,6,3,6,19
6660,83,1,1,1,6,3,6,20
6661,83,1,1,1,6,3,6,21
6662,83,1,1,1,6,3,6,22
6663,83,1,1,1,6,3,6,23
6664,83,1,1,1,6,3,6,24
6665,83,1,1,1,6,4,6,25
6666,83,1,1,1,6,4,6,26
6667,83,1,1,1,6,4,6,27
6668,83,1,1,1,6,4,6,28
6669,83,1,1,1,6,4,6,29
6670,83,1,1,1,6,4,6,30
6671,83,1,1,1,6,4,6,31
6672,83,1,1,1,6,4,6,32
6673,83,1,1,1,6,4,6,33
6674,83,1,1,1,6,4,6,34
6675,83,1,1,1,6,4,6,35
6676,83,1,1,1,6,4,6,36
6677,83,1,1,1,6,4,6,37
6678,83,1,1,1,6,4,6,38
6679,83,1,1,1,6,4,6,39
6680,83,1,1,1,7,2,6,40
6681,83,1,1,1,7,3,6,41
6682,83,1,1,1,7,3,6,42
6683,83,1,1,1,7,3,6,43
6684,83,1,1,1,7,3,6,44
6685,83,1,1,1,7,3,6,45
6686,83,1,1,1,7,3,6,46
6687,83,1,1,1,7,3,6,47
6688,83,1,1,1,7,3,6,48
6689,83,1,1,1,7,3,6,49
6690,83,1,1,1,7,3,6,50
6691,83,1,1,1,7,3,6,51
6692,83,1,1,1,7,3,6,52
6693,83,1,1,1,7,3,6,53
6694,83,1,1,1,7,3,6,54
6695,83,1,1,1,7,3,6,55
6696,83,1,1,1,7,3,6,56
6697,83,1,1,1,7,4,6,57
6698,83,1,1,1,7,3,6,58
6699,83,1,1,1,7,3,6,59
6700,83,1,1,1,7,3,6,60
6701,83,1,1,1,7,3,6,61
6702,83,1,1,1,7,3,6,62
6703,83,1,1,1,7,3,6,63
6704,83,1,1,1,7,3,6,64
6705,83,1,1,1,7,3,6,65
6706,83,1,1,1,7,4,6,66
6707,83,1,1,1,7,4,6,67
6708,83,1,1,1,7,4,6,68
6709,83,1,1,1,7,4,6,69
6710,83,1,1,1,7,4,6,70
6711,83,1,1,1,7,4,6,71
6712,83,1,1,1,7,4,6,72
6713,83,1,1,1,7,4,6,73
6714,83,1,1,1,7,4,6,74
6715,83,1,1,1,7,4,6,75
6716,83,1,1,1,7,4,6,76
6717,83,1,1,1,7,4,6,77
6718,83,1,1,1,7,4,6,78
6719,83,1,1,1,7,4,6,79
6720,84,1,1,1,7,3,6,0
6721,84,1,1,1,7,3,6,1
6722,84,1,1,1,7,3,6,2
6723,84,1,1,1,7,3,6,3
6724,84,1,1,1,7,3,6,4
6725,84,1,1,1,7,3,6,5
6726,84,1,1,1,7,3,6,6
6727,84,1,1,1,7,3,6,7
6728,84,1,1,1,7,3,6,8
6729,84,1,1,1,7,3,6,9
6730,84,1,1,1,7,3,6,10
6731,84,1,1,1,7,3,6,11
6732,84,1,1,1,7,3,6,12
6733,84,1,1,1,7,3,6,13
6734,84,1,1,1,7,3,6,14
6735,84,1,1,1,7,3,6,15
6736,84,1,1,1,7,3,6,16
6737,84,1,1,1,7,4,6,17
6738,84,1,1,1,7,4,6,18
6739,84,1,1,1,7,4,6,19
6740,84,1,1,1,6,3,6,20
6741,84,1,1,1,6,3,6,21
6742,84,1,1,1,6,3,6,22
6743,84,1,1,1,6,3,6,23
6744,84,1,1,1,6,4,6,24
6745,84,1,1,1,6,4,6,25
6746,84,1,1,1,6,4,6,26
6747,84,1,1,1,6,4,6,27
6748,84,1,1,1,6,4,6,28
6749,84,1,1,1,6,4,6,29
6750,84,1,1,1,6,4,6,30
6751,84,1,1,1,6,4,6,31
6752,84,1,1,1,6,4,6,32
6753,84,1,1,1,6,4,6,33
6754,84,1,1,1,6,4,6,34
6755,84,1,1,1,6,4,6,35
6756,84,1,1,1,6,4,6,36
6757,84,1,1,1,6,4,6,37
6758,84,1,1,1,6,4,6,38
6759,84,1,1,1,6,4,6,39
6760,84,1,1,1,7,3,6,40
6761,84,1,1,1,7,3,6,41
6762,84,1,1,1,7,3,6,42
6763,84,1,1,1,7,3,6,43
6764,84,1,1,1,7,3,6,44
6765,84,1,1,1,7,3,6,45
6766,84,1,1,1,7,3,6,46
6767,84,1,1,1,7,3,6,47
6768,84,1,1,1,7,3,6,48
6769,84,1,1,1,7,3,6,49
6770,84,1,1,1,7,3,6,50
6771,84,1,1,1,7,3,6,51
6772,84,1,1,1,7,3,6,52
6773,84,1,1,1,7,3,6,53
6774,84,1,1,1,7,3,6,54
6775,84,1,1,1,7,3,6,55
6776,84,1,1,1,7,3,6,56
6777,84,1,1,1,7,4,6,57
6778,84,1,1,1,7,3,6,58
6779,84,1,1,1,7,3,6,59
6780,84,1,1,1,7,3,6,60
6781,84,1,1,1,7,3,6,61
6782,84,1,1,1,7,3,6,62
6783,84,1,1,1,7,3,6,63
6784,84,1,1,1,7,4,6,64
6785,84,1,1,1,7,4,6,65
6786,84,1,1,1,7,4,6,66
6787,84,1,1,1,7,4,6,67
6788,84,1,1,1,7,4,6,68
6789,84,1,1,1,7,4,6,69
6790,84,1,1,1,7,4,6,70
6791,84,1,1,1,7,4,6,71
6792,84,1,1,1,7,4,6,72
6793,84,1,1,1,7,4,6,73
6794,84,1,1,1,7,4,6,74
6795,84,1,1,1,7,4,6,75
6796,84,1,1,1,7,4,6,76
6797,84,1,1,1,7,4,6,77
6798,84,1,1,1,7,4,6,78
6799,84,1,1,1,7,4,6,79
6800,85,1,1,1,6,3,6,0
6801,85,1,1,1,6,3,6,1
6802,85,1,1,1,6,3,6,2
6803,85,1,1,1,6,3,6,3
6804,85,1,1,1,6,3,6,4
6805,85,1,1,1,6,3,6,5
6806,85,1,1,1,6,3,6,6
6807,85,1,1,1,6,3,6,7
6808,85,1,1,1,6,3,6,8
6809,85,1,1,1,6,3,6,9
6810,85,1,1,1,6,3,6,10
6811,85,1,1,1,6,3,6,11
6812,85,1,1,1,6,3,6,12
6813,85,1,1,1,6,3,6,13
6814,85,1,1,1,6,3,6,14
6815,85,1,1,1,6,3,6,15
6816,85,1,1,1,6,3,6,16
6817,85,1,1,1,6,3,6,17
6818,85,1,1,1,6,3,6,18
6819,85,1,1,1,6,3,6,19
6820,85,1,1,1,6,3,6,20
6821,85,1,1,1,6,3,6,21
6822,85,1,1,1,6,3,6,22
6823,85,1,1,1,6,3,6,23
6824,85,1,1,1,6,3,6,24
6825,85,1,1,1,6,4,6,25
6826,85,1,1,1,6,4,6,26
6827,85,1,1,1,6,4,6,27
6828,85,1,1,1,6,4,6,28
6829,85,1,1,1,6,4,6,29
6830,85,1,1,1,6,4,6,30
6831,85,1,1,1,6,4,6,31
6832,85,1,1,1,6,4,6,32
6833,85,1,1,1,6,4,6,33
6834,85,1,1,1,6,4,6,34
6835,85,1,1,1,6,4,6,35
6836,85,1,1,1,6,4,6,36
6837,85,1,1,1,6,4,6,37
6838,85,1,1,1,6,4,6,38
6839,85,1,1,1,6,4,6,39
6840,85,1,1,1,7,3,6,40
6841,85,1,1,1,7,3,6,41
6842,85,1,1,1,7,3,6,42
6843,85,1,1,1,7,3,6,43
6844,85,1,1,1,7,3,6,44
6845,85,1,1,1,7,3,6,45
6846,85,1,1,1,7,3,6,46
6847,85,1,1,1,7,3,6,47
6848,85,1,1,1,7,3,6,48
6849,85,1,1,1,7,3,6,49
6850,85,1,1,1,7,3,6,50
6851,85,1,1,1,7,3,6,51
6852,85,1,1,1,7,3,6,52
6853,85,1,1,1,7,3,6,53
6854,85,1,1,1,7,3,6,54
6855,85,1,1,1,7,3,6,55
6856,85,1,1,1,7,3,6,56
6857,85,1,1,1,7,3,6,57
6858,85,1,1,1,7,3,6,58
6859,85,1,1,1,7,3,6,59
6860,85,1,1,1,7,3,6,60
6861,85,1,1,1,7,3,6,61
6862,85,1,1,1,7,3,6,62
6863,85,1,1,1,7,3,6,63
6864,85,1,1,1,7,3,6,64
6865,85,1,1,1,7,4,6,65
6866,85,1,1,1,7,4,6,66
6867,85,1,1,1,7,4,6,67
6868,85,1,1,1,7,4,6,68
6869,85,1,1,1,7,4,6,69
6870,85,1,1,1,7,4,6,70
6871,85,1,1,1,7,4,6,71
6872,85,1,1,1,7,4,6,72
6873,85,1,1,1,7,4,6,73
6874,85,1,1,1,7,4,6,74
6875,85,1,1,1,7,4,6,75
6876,85,1,1,1,7,4,6,76
6877,85,1,1,1,7,4,6,77
6878,85,1,1,1,7,4,6,78
6879,85,1,1,1,7,4,6,79
6880,86,1,1,1,6,3,6,0
6881,86,1,1,1,6,3,6,1
6882,86,1,1,1,6,3,6,2
6883,86,1,1,1,6,3,6,3
6884,86,1,1,1,6,3,6,4
6885,86,1,1,1,6,3,6,5
6886,86,1,1,1,6,3,6,6
6887,86,1,1,1,6,3,6,7
6888,86,1,1,1,6,3,6,8
6889,86,1,1,1,6,3,6,9
6890,86,1,1,1,6,3,6,10
6891,86,1,1,1,6,3,6,11
6892,86,1,1,1,6,3,6,12
6893,86,1,1,1,6,3,6,13
6894,86,1,1,1,6,3,6,14
6895,86,1,1,1,6,3,6,15
6896,86,1,1,1,6,3,6,16
6897,86,1,1,1,6,3,6,17
6898,86,1,1,1,6,3,6,18
6899,86,1,1,1,6,3,6,19
6900,86,1,1,1,6,3,6,20
6901,86,1,1,1,6,3,6,21
6902,86,1,1,1,6,3,6,22
6903,86,1,1,1,6,3,6,23
6904,86,1,1,1,6,3,6,24
6905,86,1,1,1,6,4,6,25
6906,86,1,1,1,6,4,6,26
6907,86,1,1,1,6,4,6,27
6908,86,1,1,1,6,4,6,28
6909,86,1,1,1,6,4,6,29
6910,86,1,1,1,6,4,6,30
6911,86,1,1,1,6,4,6,31
6912,86,1,1,1,6,4,6,32
6913,86,1,1,1,6,4,6,33
6914,86,1,1,1,6,4,6,34
6915,86,1,1,1,6,4,6,35
6916,86,1,1,1,6,4,6,36
6917,86,1,1,1,6,4,6,37
6918,86,1,1,1,6,4,6,38
6919,86,1,1,1,6,4,6,39
6920,86,1,1,1,6,3,6,40
6921,86,1,1,1,6,3,6,41
6922,86,1,1,1,6,3,6,42
6923,86,1,1,1,6,3,6,43
6924,86,1,1,1,6,3,6,44
6925,86,1,1,1,6,3,6,45
6926,86,1,1,1,6,3,6,46
6927,86,1,1,1,6,3,6,47
6928,86,1,1,1,6,3,6,48
6929,86,1,1,1,6,3,6,49
6930,86,1,1,1,6,3,6,50
6931,86,1,1,1,6,3,6,51
6932,86,1,1,1,6,3,6,52
6933,86,1,1,1,6,3,6,53
6934,86,1,1,1,6,3,6,54
6935,86,1,1,1,6,3,6,55
6936,86,1,1,1,6,3,6,56
6937,86,1,1,1,6,3,6,57
6938,86,1,1,1,6,3,6,58
6939,86,1,1,1,6,3,6,59
6940,86,1,1,1,7,3,6,60
6941,86,1,1,1,7,3,6,61
6942,86,1,1,1,7,3,6,62
6943,86,1,1,1,7,3,6,63
6944,86,1,1,1,7,3,6,64
6945,86,1,1,1,7,3,6,65
6946,86,1,1,1,7,4,6,66
6947,86,1,1,1,7,4,6,67
6948,86,1,1,1,7,4,6,68
6949,86,1,1,1,7,4,6,69
6950,86,1,1,1,7,4,6,70
6951,86,1,1,1,7,4,6,71
6952,86,1,1,1,7,4,6,72
6953,86,1,1,1,7,4,6,73
6954,86,1,1,1,7,4,6,74
6955,86,1,1,1,7,4,6,75
6956,86,1,1,1,7,4,6,76
6957,86,1,1,1,7,4,6,77
6958,86,1,1,1,7,4,6,78
6959,86,1,1,1,7,4,6,79
6960,87,1,1,1,7,3,6,0
6961,87,1,1,1,7,3,6,1
6962,87,1,1,1,7,3,6,2
6963,87,1,1,1,7,3,6,3
6964,87,1,1,1,7,3,6,4
6965,87,1,1,1,7,3,6,5
6966,87,1,1,1,7,3,6,6
6967,87,1,1,1,7,3,6,7
6968,87,1,1,1,7,3,6,8
6969,87,1,1,1,7,3,6,9
6970,87,1,1,1,7,3,6,10
6971,87,1,1,1,7,3,6,11
6972,87,1,1,1,7,3,6,12
6973,87,1,1,1,7,3,6,13
6974,87,1,1,1,7,3,6,14
6975,87,1,1,1,7,3,6,15
6976,87,1,1,1,7,3,6,16
6977,87,1,1,1,7,3,6,17
6978,87,1,1,1,7,3,6,18
6979,87,1,1,1,7,3,6,19
6980,87,1,1,1,6,3,6,20
6981,87,1,1,1,6,3,6,21
6982,87,1,1,1,6,3,6,22
6983,87,1,1,1,6,3,6,23
6984,87,1,1,1,6,3,6,24
6985,87,1,1,1,6,4,6,25
6986,87,1,1,1,6,4,6,26
6987,87,1,1,1,6,4,6,27
6988,87,1,1,1,6,4,6,28
6989,87,1,1,1,6,4,6,29
6990,87,1,1,1,6,4,6,30
6991,87,1,1,1,6,4,6,31
6992,87,1,1,1,6,4,6,32
6993,87,1,1,1,6,4,6,33
6994,87,1,1,1,6,4,6,34
6995,87,1,1,1,6,4,6,35
6996,87,1,1,1,6,4,6,36
6997,87,1,1,1,6,4,6,37
6998,87,1,1,1,6,4,6,38
6999,87,1,1,1,6,4,6,39
7000,87,1,1,1,6,3,6,40
7001,87,1,1,1,6,3,6,41
7002,87,1,1,1,6,3,6,42
7003,87,1,1,1,6,3,6,43
7004,87,1,1,1,6,3,6,44
7005,87,1,1,1,6,3,6,45
7006,87,1,1,1,6,3,6,46
7007,87,1,1,1,6,3,6,47
7008,87,1,1,1,6,3,6,48
7009,87,1,1,1,6,3,6,49
7010,87,1,1,1,6,3,6,50
7011,87,1,1,1,6,3,6,51
7012,87,1,1,1,6,3,6,52
7013,87,1,1,1,6,3,6,53
7014,87,1,1,1,6,4,6,54
7015,87,1,1,1,6,3,6,55
7016,87,1,1,1,6,3,6,56
7017,87,1,1,1,6,4,6,57
7018,87,1,1,1,6,3,6,58
7019,87,1,1,1,6,3,6,59
7020,87,1,1,1,7,3,6,60
7021,87,1,1,1,7,3,6,61
7022,87,1,1,1,7,3,6,62
7023,87,1,1,1,7,3,6,63
7024,87,1,1,1,7,4,6,64
7025,87,1,1,1,7,4,6,65
7026,87,1,1,1,7,4,6,66
7027,87,1,1,1,7,4,6,67
7028,87,1,1,1,7,4,6,68
7029,87,1,1,1,7,4,6,69
7030,87,1,1,1,7,4,6,70
7031,87,1,1,1,7,4,6,71
7032,87,1,1,1,7,4,6,72
7033,87,1,1,1,7,4,6,73
7034,87,1,1,1,7,4,6,74
7035,87,1,1,1,7,4,6,75
7036,87,1,1,1,7,4,6,76
7037,87,1,1,1,7,4,6,77
7038,87,1,1,1,7,4,6,78
7039,87,1,1,1,7,4,6,79
7040,88,1,1,1,6,3,6,0
7041,88,1,1,1,6,3,6,1
7042,88,1,1,1,6,3,6,2
7043,88,1,1,1,6,3,6,3
7044,88,1,1,1,6,3,6,4
7045,88,1,1,1,6,3,6,5
7046,88,1,1,1,6,3,6,6
7047,88,1,1,1,6,3,6,7
7048,88,1,1,1,6,3,6,8
7049,88,1,1,1,6,3,6,9
7050,88,1,1,1,6,3,6,10
7051,88,1,1,1,6,3,6,11
7052,88,1,1,1,6,3,6,12
7053,88,1,1,1,6,3,6,13
7054,88,1,1,1,6,3,6,14
7055,88,1,1,1,6,3,6,15
7056,88,1,1,1,6,3,6,16
7057,88,1,1,1,6,3,6,17
7058,88,1,1,1,6,3,6,18
7059,88,1,1,1,6,4,6,19
7060,88,1,1,1,6,3,6,20
7061,88,1,1,1,6,3,6,21
7062,88,1,1,1,6,3,6,22
7063,88,1,1,1,6,3,6,23
7064,88,1,1,1,6,3,6,24
7065,88,1,1,1,6,4,6,25
7066,88,1,1,1,6,4,6,26
7067,88,1,1,1,6,4,6,27
7068,88,1,1,1,6,4,6,28
7069,88,1,1,1,6,4,6,29
7070,88,1,1,1,6,4,6,30
7071,88,1,1,1,6,4,6,31
7072,88,1,1,1,6,4,6,32
7073,88,1,1,1,6,4,6,33
7074,88,1,1,1,6,4,6,34
7075,88,1,1,1,6,4,6,35
7076,88,1,1,1,6,4,6,36
7077,88,1,1,1,6,4,6,37
7078,88,1,1,1,6,4,6,38
7079,88,1,1,1,6,4,6,39
7080,88,1,1,1,7,3,6,40
7081,88,1,1,1,7,3,6,41
7082,88,1,1,1,7,3,6,42
7083,88,1,1,1,7,3,6,43
7084,88,1,1,1,7,3,6,44
7085,88,1,1,1,7,3,6,45
7086,88,1,1,1,7,3,6,46
7087,88,1,1,1,7,3,6,47
7088,88,1,1,1,7,3,6,48
7089,88,1,1,1,7,3,6,49
7090,88,1,1,1,7,3,6,50
7091,88,1,1,1,7,3,6,51
7092,88,1,1,1,7,3,6,52
7093,88,1,1,1,7,3,6,53
7094,88,1,1,1,7,4,6,54
7095,88,1,1,1,7,3,6,55
7096,88,1,1,1,7,4,6,56
7097,88,1,1,1,7,4,6,57
7098,88,1,1,1,7,3,6,58
7099,88,1,1,1,7,4,6,59
7100,88,1,1,1,6,3,6,60
7101,88,1,1,1,6,3,6,61
7102,88,1,1,1,6,3,6,62
7103,88,1,1,1,6,3,6,63
7104,88,1,1,1,6,3,6,64
7105,88,1,1,1,6,3,6,65
7106,88,1,1,1,6,4,6,66
7107,88,1,1,1,6,4,6,67
7108,88,1,1,1,6,4,6,68
7109,88,1,1,1,6,4,6,69
7110,88,1,1,1,6,4,6,70
7111,88,1,1,1,6,4,6,71
7112,88,1,1,1,6,4,6,72
7113,88,1,1,1,6,4,6,73
7114,88,1,1,1,6,4,6,74
7115,88,1,1,1,6,4,6,75
7116,88,1,1,1,6,4,6,76
7117,88,1,1,1,6,4,6,77
7118,88,1,1,1,6,4,6,78
7119,88,1,1,1,6,4,6,79
7120,89,1,1,1,6,3,6,0
7121,89,1,1,1,6,3,6,1
7122,89,1,1,1,6,3,6,2
7123,89,1,1,1,6,3,6,3
7124,89,1,1,1,6,3,6,4
7125,89,1,1,1,6,3,6,5
7126,89,1,1,1,6,3,6,6
7127,89,1,1,1,6,3,6,7
7128,89,1,1,1,6,3,6,8
7129,89,1,1,1,6,3,6,9
7130,89,1,1,1,6,3,6,10
7131,89,1,1,1,6,3,6,11
7132,89,1,1,1,6,3,6,12
7133,89,1,1,1,6,3,6,13
7134,89,1,1,1,6,3,6,14
7135,89,1,1,1,6,3,6,15
7136,89,1,1,1,6,3,6,16
7137,89,1,1,1,6,3,6,17
7138,89,1,1,1,6,3,6,18
7139,89,1,1,1,6,4,6,19
7140,89,1,1,1,6,3,6,20
7141,89,1,1,1,6,3,6,21
7142,89,1,1,1,6,3,6,22
7143,89,1,1,1,6,3,6,23
7144,89,1,1,1,6,3,6,24
7145,89,1,1,1,6,4,6,25
7146,89,1,1,1,6,4,6,26
7147,89,1,1,1,6,4,6,27
7148,89,1,1,1,6,4,6,28
7149,89,1,1,1,6,4,6,29
7150,89,1,1,1,6,4,6,30
7151,89,1,1,1,6,4,6,31
7152,89,1,1,1,6,4,6,32
7153,89,1,1,1,6,4,6,33
7154,89,1,1,1,6,4,6,34
7155,89,1,1,1,6,4,6,35
7156,89,1,1,1,6,4,6,36
7157,89,1,1,1,6,4,6,37
7158,89,1,1,1,6,4,6,38
7159,89,1,1,1,6,4,6,39
7160,89,1,1,1,7,3,6,40
7161,89,1,1,1,7,3,6,41
7162,89,1,1,1,7,3,6,42
7163,89,1,1,1,7,3,6,43
7164,89,1,1,1,7,3,6,44
7165,89,1,1,1,7,3,6,45
7166,89,1,1,1,7,3,6,46
7167,89,1,1,1,7,3,6,47
7168,89,1,1,1,7,3,6,48
7169,89,1,1,1,7,3,6,49
7170,89,1,1,1,7,3,6,50
7171,89,1,1,1,7,3,6,51
7172,89,1,1,1,7,3,6,52
7173,89,1,1,1,7,3,6,53
7174,89,1,1,1,7,4,6,54
7175,89,1,1,1,7,3,6,55
7176,89,1,1,1,7,3,6,56
7177,89,1,1,1,7,4,6,57
7178,89,1,1,1,7,3,6,58
7179,89,1,1,1,7,3,6,59
7180,89,1,1,1,7,3,6,60
7181,89,1,1,1,7,3,6,61
7182,89,1,1,1,7,3,6,62
7183,89,1,1,1,7,3,6,63
7184,89,1,1,1,7,3,6,64
7185,89,1,1,1,7,4,6,65
7186,89,1,1,1,7,4,6,66
7187,89,1,1,1,7,4,6,67
7188,89,1,1,1,7,4,6,68
7189,89,1,1,1,7,4,6,69
7190,89,1,1,1,7,4,6,70
7191,89,1,1,1,7,4,6,71
7192,89,1,1,1,7,4,6,72
7193,89,1,1,1,7,4,6,73
7194,89,1,1,1,7,4,6,74
7195,89,1,1,1,7,4,6,75
7196,89,1,1,1,7,4,6,76
7197,89,1,1,1,7,4,6,77
7198,89,1,1,1,7,4,6,78
7199,89,1,1,1,7,4,6,79
7200,90,1,1,1,6,3,6,0
7201,90,1,1,1,6,3,6,1
7202,90,1,1,1,6,3,6,2
7203,90,1,1,1,6,3,6,3
7204,90,1,1,1,6,3,6,4
7205,90,1,1,1,6,3,6,5
7206,90,1,1,1,6,3,6,6
7207,90,1,1,1,6,3,6,7
7208,90,1,1,1,6,3,6,8
7209,90,1,1,1,6,3,6,9
7210,90,1,1,1,6,3,6,10
7211,90,1,1,1,6,3,6,11
7212,90,1,1,1,6,3,6,12
7213,90,1,1,1,6,3,6,13
7214,90,1,1,1,6,3,6,14
7215,90,1,1,1,6,3,6,15
7216,90,1,1,1,6,3,6,16
7217,90,1,1,1,6,3,6,17
7218,90,1,1,1,6,3,6,18
7219,90,1,1,1,6,3,6,19
7220,90,1,1,1,6,3,6,20
7221,90,1,1,1,6,3,6,21
7222,90,1,1,1,6,3,6,22
7223,90,1,1,1,6,3,6,23
7224,90,1,1,1,6,4,6,24
7225,90,1,1,1,6,4,6,25
7226,90,1,1,1,6,4,6,26
7227,90,1,1,1,6,4,6,27
7228,90,1,1,1,6,4,6,28
7229,90,1,1,1,6,4,6,29
7230,90,1,1,1,6,4,6,30
7231,90,1,1,1,6,4,6,31
7232,90,1,1,1,6,4,6,32
7233,90,1,1,1,6,4,6,33
7234,90,1,1,1,6,4,6,34
7235,90,1,1,1,6,4,6,35
7236,90,1,1,1,6,4,6,36
7237,90,1,1,1,6,4,6,37
7238,90,1,1,1,6,4,6,38
7239,90,1,1,1,6,4,6,39
7240,90,1,1,1,6,3,6,40
7241,90,1,1,1,6,3,6,41
7242,90,1,1,1,6,3,6,42
7243,90,1,1,1,6,3,6,43
7244,90,1,1,1,6,3,6,44
7245,90,1,1,1,6,3,6,45
7246,90,1,1,1,6,3,6,46
7247,90,1,1,1,6,3,6,47
7248,90,1,1,1,6,3,6,48
7249,90,1,1,1,6,3,6,49
7250,90,1,1,1,6,3,6,50
7251,90,1,1,1,6,3,6,51
7252,90,1,1,1,6,3,6,52
7253,90,1,1,1,6,3,6,53
7254,90,1,1,1,6,3,6,54
7255,90,1,1,1,6,3,6,55
7256,90,1,1,1,6,3,6,56
7257,90,1,1,1,6,3,6,57
7258,90,1,1,1,6,3,6,58
7259,90,1,1,1,6,3,6,59
7260,90,1,1,1,7,3,6,60
7261,90,1,1,1,7,3,6,61
7262,90,1,1,1,7,3,6,62
7263,90,1,1,1,7,3,6,63
7264,90,1,1,1,7,3,6,64
7265,90,1,1,1,7,3,6,65
7266,90,1,1,1,7,4,6,66
7267,90,1,1,1,7,4,6,67
7268,90,1,1,1,7,4,6,68
7269,90,1,1,1,7,4,6,69
7270,90,1,1,1,7,4,6,70
7271,90,1,1,1,7,4,6,71
7272,90,1,1,1,7,4,6,72
7273,90,1,1,1,7,4,6,73
7274,90,1,1,1,7,4,6,74
7275,90,1,1,1,7,4,6,75
7276,90,1,1,1,7,4,6,76
7277,90,1,1,1,7,4,6,77
7278,90,1,1,1,7,4,6,78
7279,90,1,1,1,7,4,6,79
7280,91,1,1,1,6,3,6,0
7281,91,1,1,1,6,3,6,1
7282,91,1,1,1,6,3,6,2
7283,91,1,1,1,6,3,6,3
7284,91,1,1,1,6,3,6,4
7285,91,1,1,1,6,3,6,5
7286,91,1,1,1,6,3,6,6
7287,91,1,1,1,6,3,6,7
7288,91,1,1,1,6,3,6,8
7289,91,1,1,1,6,3,6,9
7290,91,1,1,1,6,3,6,10
7291,91,1,1,1,6,3,6,11
7292,91,1,1,1,6,3,6,12
7293,91,1,1,1,6,3,6,13
7294,91,1,1,1,6,3,6,14
7295,91,1,1,1,6,3,6,15
7296,91,1,1,1,6,3,6,16
7297,91,1,1,1,6,3,6,17
7298,91,1,1,1,6,3,6,18
7299,91,1,1,1,6,4,6,19
7300,91,1,1,1,6,3,6,20
7301,91,1,1,1,6,3,6,21
7302,91,1,1,1,6,3,6,22
7303,91,1,1,1,6,3,6,23
7304,91,1,1,1,6,3,6,24
7305,91,1,1,1,6,4,6,25
7306,91,1,1,1,6,4,6,26
7307,91,1,1,1,6,4,6,27
7308,91,1,1,1,6,4,6,28
7309,91,1,1,1,6,4,6,29
7310,91,1,1,1,6,4,6,30
7311,91,1,1,1,6,4,6,31
7312,91,1,1,1,6,4,6,32
7313,91,1,1,1,6,4,6,33
7314,91,1,1,1,6,4,6,34
7315,91,1,1,1,6,4,6,35
7316,91,1,1,1,6,4,6,36
7317,91,1,1,1,6,4,6,37
7318,91,1,1,1,6,4,6,38
7319,91,1,1,1,6,4,6,39
7320,91,1,1,1,7,3,6,40
7321,91,1,1,1,7,3,6,41
7322,91,1,1,1,7,3,6,42
7323,91,1,1,1,7,3,6,43
7324,91,1,1,1,7,3,6,44
7325,91,1,1,1,7,3,6,45
7326,91,1,1,1,7,3,6,46
7327,91,1,1,1,7,3,6,47
7328,91,1,1,1,7,3,6,48
7329,91,1,1,1,7,3,6,49
7330,91,1,1,1,7,3,6,50
7331,91,1,1,1,7,3,6,51
7332,91,1,1,1,7,3,6,52
7333,91,1,1,1,7,3,6,53
7334,91,1,1,1,7,3,6,54
7335,91,1,1,1,7,3,6,55
7336,91,1,1,1,7,3,6,56
7337,91,1,1,1,7,4,6,57
7338,91,1,1,1,7,3,6,58
7339,91,1,1,1,7,3,6,59
7340,91,1,1,1,7,3,6,60
7341,91,1,1,1,7,3,6,61
7342,91,1,1,1,7,3,6,62
7343,91,1,1,1,7,3,6,63
7344,91,1,1,1,7,3,6,64
7345,91,1,1,1,7,3,6,65
7346,91,1,1,1,7,4,6,66
7347,91,1,1,1,7,4,6,67
7348,91,1,1,1,7,4,6,68
7349,91,1,1,1,7,4,6,69
7350,91,1,1,1,7,4,6,70
7351,91,1,1,1,7,4,6,71
7352,91,1,1,1,7,4,6,72
7353,91,1,1,1,7,4,6,73
7354,91,1,1,1,7,4,6,74
7355,91,1,1,1,7,4,6,75
7356,91,1,1,1,7,4,6,76
7357,91,1,1,1,7,4,6,77
7358,91,1,1,1,7,4,6,78
7359,91,1,1,1,7,4,6,79
7360,92,1,1,1,6,3,6,0
7361,92,1,1,1,6,3,6,1
7362,92,1,1,1,6,3,6,2
7363,92,1,1,1,6,3,6,3
7364,92,1,1,1,6,3,6,4
7365,92,1,1,1,6,3,6,5
7366,92,1,1,1,6,3,6,6
7367,92,1,1,1,6,3,6,7
7368,92,1,1,1,6,3,6,8
7369,92,1,1,1,6,3,6,9
7370,92,1,1,1,6,3,6,10
7371,92,1,1,1,6,3,6,11
7372,92,1,1,1,6,3,6,12
7373,92,1,1,1,6,3,6,13
7374,92,1,1,1,6,3,6,14
7375,92,1,1,1,6,3,6,15
7376,92,1,1,1,6,3,6,16
7377,92,1,1,1,6,4,6,17
7378,92,1,1,1,6,4,6,18
7379,92,1,1,1,6,4,6,19
7380,92,1,1,1,6,3,6,20
7381,92,1,1,1,6,3,6,21
7382,92,1,1,1,6,3,6,22
7383,92,1,1,1,6,3,6,23
7384,92,1,1,1,6,3,6,24
7385,92,1,1,1,6,4,6,25
7386,92,1,1,1,6,4,6,26
7387,92,1,1,1,6,4,6,27
7388,92,1,1,1,6,4,6,28
7389,92,1,1,1,6,4,6,29
7390,92,1,1,1,6,4,6,30
7391,92,1,1,1,6,4,6,31
7392,92,1,1,1,6,4,6,32
7393,92,1,1,1,6,4,6,33
7394,92,1,1,1,6,4,6,34
7395,92,1,1,1,6,4,6,35
7396,92,1,1,1,6,4,6,36
7397,92,1,1,1,6,4,6,37
7398,92,1,1,1,6,4,6,38
7399,92,1,1,1,6,4,6,39
7400,92,1,1,1,6,3,6,40
7401,92,1,1,1,6,3,6,41
7402,92,1,1,1,6,3,6,42
7403,92,1,1,1,6,3,6,43
7404,92,1,1,1,6,3,6,44
7405,92,1,1,1,6,3,6,45
7406,92,1,1,1,6,3,6,46
7407,92,1,1,1,6,3,6,47
7408,92,1,1,1,6,3,6,48
7409,92,1,1,1,6,3,6,49
7410,92,1,1,1,6,3,6,50
7411,92,1,1,1,6,3,6,51
7412,92,1,1,1,6,3,6,52
7413,92,1,1,1,6,3,6,53
7414,92,1,1,1,6,3,6,54
7415,92,1,1,1,6,3,6,55
7416,92,1,1,1,6,3,6,56
7417,92,1,1,1,6,4,6,57
7418,92,1,1,1,6,3,6,58
7419,92,1,1,1,6,3,6,59
7420,92,1,1,1,7,3,6,60
7421,92,1,1,1,7,3,6,61
7422,92,1,1,1,7,3,6,62
7423,92,1,1,1,7,3,6,63
7424,92,1,1,1,7,3,6,64
7425,92,1,1,1,7,3,6,65
7426,92,1,1,1,7,4,6,66
7427,92,1,1,1,7,4,6,67
7428,92,1,1,1,7,4,6,68
7429,92,1,1,1,7,4,6,69
7430,92,1,1,1,7,4,6,70
7431,92,1,1,1,7,4,6,71
7432,92,1,1,1,7,4,6,72
7433,92,1,1,1,7,4,6,73
7434,92,1,1,1,7,4,6,74
7435,92,1,1,1,7,4,6,75
7436,92,1,1,1,7,4,6,76
7437,92,1,1,1,7,4,6,77
7438,92,1,1,1,7,4,6,78
7439,92,1,1,1,7,4,6,79
7440,93,1,1,1,6,3,6,0
7441,93,1,1,1,6,3,6,1
7442,93,1,1,1,6,3,6,2
7443,93,1,1,1,6,3,6,3
7444,93,1,1,1,6,3,6,4
7445,93,1,1,1,6,3,6,5
7446,93,1,1,1,6,3,6,6
7447,93,1,1,1,6,3,6,7
7448,93,1,1,1,6,3,6,8
7449,93,1,1,1,6,3,6,9
7450,93,1,1,1,6,3,6,10
7451,93,1,1,1,6,3,6,11
7452,93,1,1,1,6,3,6,12
7453,93,1,1,1,6,3,6,13
7454,93,1,1,1,6,3,6,14
7455,93,1,1,1,6,3,6,15
7456,93,1,1,1,6,3,6,16
7457,93,1,1,1,6,3,6,17
7458,93,1,1,1,6,3,6,18
7459,93,1,1,1,6,4,6,19
7460,93,1,1,1,6,3,6,20
7461,93,1,1,1,6,3,6,21
7462,93,1,1,1,6,3,6,22
7463,93,1,1,1,6,3,6,23
7464,93,1,1,1,6,3,6,24
7465,93,1,1,1,6,4,6,25
7466,93,1,1,1,6,4,6,26
7467,93,1,1,1,6,4,6,27
7468,93,1,1,1,6,4,6,28
7469,93,1,1,1,6,4,6,29
7470,93,1,1,1,6,4,6,30
7471,93,1,1,1,6,4,6,31
7472,93,1,1,1,6,4,6,32
7473,93,1,1,1,6,4,6,33
7474,93,1,1,1,6,4,6,34
7475,93,1,1,1,6,4,6,35
7476,93,1,1,1,6,4,6,36
7477,93,1,1,1,6,4,6,37
7478,93,1,1,1,6,4,6,38
7479,93,1,1,1,6,4,6,39
7480,93,1,1,1,7,3,6,40
7481,93,1,1,1,7,3,6,41
7482,93,1,1,1,7,3,6,42
7483,93,1,1,1,7,3,6,43
7484,93,1,1,1,7,3,6,44
7485,93,1,1,1,7,3,6,45
7486,93,1,1,1,7,3,6,46
7487,93,1,1,1,7,3,6,47
7488,93,1,1,1,7,3,6,48
7489,93,1,1,1,7,3,6,49
7490,93,1,1,1,7,3,6,50
7491,93,1,1,1,7,3,6,51
7492,93,1,1,1,7,3,6,52
7493,93,1,1,1,7,3,6,53
7494,93,1,1,1,7,4,6,54
7495,93,1,1,1,7,3,6,55
7496,93,1,1,1,7,3,6,56
7497,93,1,1,1,7,4,6,57
7498,93,1,1,1,7,3,6,58
7499,93,1,1,1,7,4,6,59
7500,93,1,1,1,7,3,6,60
7501,93,1,1,1,7,3,6,61
7502,93,1,1,1,7,3,6,62
7503,93,1,1,1,7,3,6,63
7504,93,1,1,1,7,4,6,64
7505,93,1,1,1,7,4,6,65
7506,93,1,1,1,7,4,6,66
7507,93,1,1,1,7,4,6,67
7508,93,1,1,1,7,4,6,68
7509,93,1,1,1,7,4,6,69
7510,93,1,1,1,7,4,6,70
7511,93,1,1,1,7,4,6,71
7512,93,1,1,1,7,4,6,72
7513,93,1,1,1,7,4,6,73
7514,93,1,1,1,7,4,6,74
7515,93,1,1,1,7,4,6,75
7516,93,1,1,1,7,4,6,76
7517,93,1,1,1,7,4,6,77
7518,93,1,1,1,7,4,6,78
7519,93,1,1,1,7,4,6,79
7520,94,1,1,1,6,3,6,0
7521,94,1,1,1,6,3,6,1
7522,94,1,1,1,6,3,6,2
7523,94,1,1,1,6,3,6,3
7524,94,1,1,1,6,3,6,4
7525,94,1,1,1,6,3,6,5
7526,94,1,1,1,6,3,6,6
7527,94,1,1,1,6,3,6,7
7528,94,1,1,1,6,3,6,8
7529,94,1,1,1,6,3,6,9
7530,94,1,1,1,6,3,6,10
7531,94,1,1,1,6,3,6,11
7532,94,1,1,1,6,3,6,12
7533,94,1,1,1,6,3,6,13
7534,94,1,1,1,6,3,6,14
7535,94,1,1,1,6,3,6,15
7536,94,1,1,1,6,3,6,16
7537,94,1,1,1,6,3,6,17
7538,94,1,1,1,6,3,6,18
7539,94,1,1,1,6,3,6,19
7540,94,1,1,1,6,3,6,20
7541,94,1,1,1,6,3,6,21
7542,94,1,1,1,6,3,6,22
7543,94,1,1,1,6,3,6,23
7544,94,1,1,1,6,3,6,24
7545,94,1,1,1,6,4,6,25
7546,94,1,1,1,6,4,6,26
7547,94,1,1,1,6,4,6,27
7548,94,1,1,1,6,4,6,28
7549,94,1,1,1,6,4,6,29
7550,94,1,1,1,6,4,6,30
7551,94,1,1,1,6,4,6,31
7552,94,1,1,1,6,4,6,32
7553,94,1,1,1,6,4,6,33
7554,94,1,1,1,6,4,6,34
7555,94,1,1,1,6,4,6,35
7556,94,1,1,1,6,4,6,36
7557,94,1,1,1,6,4,6,37
7558,94,1,1,1,6,4,6,38
7559,94,1,1,1,6,4,6,39
7560,94,1,1,1,7,3,6,40
7561,94,1,1,1,7,3,6,41
7562,94,1,1,1,7,3,6,42
7563,94,1,1,1,7,3,6,43
7564,94,1,1,1,7,3,6,44
7565,94,1,1,1,7,3,6,45
7566,94,1,1,1,7,3,6,46
7567,94,1,1,1,7,3,6,47
7568,94,1,1,1,7,3,6,48
7569,94,1,1,1,7,3,6,49
7570,94,1,1,1,7,3,6,50
7571,94,1,1,1,7,3,6,51
7572,94,1,1,1,7,3,6,52
7573,94,1,1,1,7,3,6,53
7574,94,1,1,1,7,3,6,54
7575,94,1,1,1,7,3,6,55
7576,94,1,1,1,7,3,6,56
7577,94,1,1,1,7,4,6,57
7578,94,1,1,1,7,3,6,58
7579,94,1,1,1,7,3,6,59
7580,94,1,1,1,6,3,6,60
7581,94,1,1,1,6,3,6,61
7582,94,1,1,1,6,3,6,62
7583,94,1,1,1,6,3,6,63
7584,94,1,1,1,6,4,6,64
7585,94,1,1,1,6,3,6,65
7586,94,1,1,1,6,4,6,66
7587,94,1,1,1,6,4,6,67
7588,94,1,1,1,6,4,6,68
7589,94,1,1,1,6,4,6,69
7590,94,1,1,1,6,4,6,70
7591,94,1,1,1,6,4,6,71
7592,94,1,1,1,6,4,6,72
7593,94,1,1,1,6,4,6,73
7594,94,1,1,1,6,4,6,74
7595,94,1,1,1,6,4,6,75
7596,94,1,1,1,6,4,6,76
7597,94,1,1,1,6,4,6,77
7598,94,1,1,1,6,4,6,78
7599,94,1,1,1,6,4,6,79
7600,95,1,1,1,6,3,6,0
7601,95,1,1,1,6,3,6,1
7602,95,1,1,1,6,3,6,2
7603,95,1,1,1,6,3,6,3
7604,95,1,1,1,6,3,6,4
7605,95,1,1,1,6,3,6,5
7606,95,1,1,1,6,3,6,6
7607,95,1,1,1,6,3,6,7
7608,95,1,1,1,6,3,6,8
7609,95,1,1,1,6,3,6,9
7610,95,1,1,1,6,3,6,10
7611,95,1,1,1,6,3,6,11
7612,95,1,1,1,6,3,6,12
7613,95,1,1,1,6,3,6,13
7614,95,1,1,1,6,3,6,14
7615,95,1,1,1,6,3,6,15
7616,95,1,1,1,6,3,6,16
7617,95,1,1,1,6,3,6,17
7618,95,1,1,1,6,3,6,18
7619,95,1,1,1,6,3,6,19
7620,95,1,1,1,6,3,6,20
7621,95,1,1,1,6,3,6,21
7622,95,1,1,1,6,3,6,22
7623,95,1,1,1,6,3,6,23
7624,95,1,1,1,6,3,6,24
7625,95,1,1,1,6,4,6,25
7626,95,1,1,1,6,4,6,26
7627,95,1,1,1,6,4,6,27
7628,95,1,1,1,6,4,6,28
7629,95,1,1,1,6,4,6,29
7630,95,1,1,1,6,4,6,30
7631,95,1,1,1,6,4,6,31
7632,95,1,1,1,6,4,6,32
7633,95,1,1,1,6,4,6,33
7634,95,1,1,1,6,4,6,34
7635,95,1,1,1,6,4,6,35
7636,95,1,1,1,6,4,6,36
7637,95,1,1,1,6,4,6,37
7638,95,1,1,1,6,4,6,38
7639,95,1,1,1,6,4,6,39
7640,95,1,1,1,6,3,6,40
7641,95,1,1,1,6,3,6,41
7642,95,1,1,1,6,3,6,42
7643,95,1,1,1,6,3,6,43
7644,95,1,1,1,6,3,6,44
7645,95,1,1,1,6,3,6,45
7646,95,1,1,1,6,3,6,46
7647,95,1,1,1,6,3,6,47
7648,95,1,1,1,6,3,6,48
7649,95,1,1,1,6,3,6,49
7650,95,1,1,1,6,3,6,50
7651,95,1,1,1,6,3,6,51
7652,95,1,1,1,6,3,6,52
7653,95,1,1,1,6,3,6,53
7654,95,1,1,1,6,4,6,54
7655,95,1,1,1,6,3,6,55
7656,95,1,1,1,6,3,6,56
7657,95,1,1,1,6,4,6,57
7658,95,1,1,1,6,3,6,58
7659,95,1,1,1,6,3,6,59
7660,95,1,1,1,7,3,6,60
7661,95,1,1,1,7,3,6,61
7662,95,1,1,1,7,3,6,62
7663,95,1,1,1,7,3,6,63
7664,95,1,1,1,7,3,6,64
7665,95,1,1,1,7,3,6,65
7666,95,1,1,1,7,3,6,66
7667,95,1,1,1,7,3,6,67
7668,95,1,1,1,7,4,6,68
7669,95,1,1,1,7,4,6,69
7670,95,1,1,1,7,4,6,70
7671,95,1,1,1,7,4,6,71
7672,95,1,1,1,7,4,6,72
7673,95,1,1,1,7,4,6,73
7674,95,1,1,1,7,4,6,74
7675,95,1,1,1,7,4,6,75
7676,95,1,1,1,7,4,6,76
7677,95,1,1,1,7,4,6,77
7678,95,1,1,1,7,4,6,78
7679,95,1,1,1,7,4,6,79
7680,96,1,1,1,6,3,6,0
7681,96,1,1,1,6,3,6,1
7682,96,1,1,1,6,3,6,2
7683,96,1,1,1,6,3,6,3
7684,96,1,1,1,6,3,6,4
7685,96,1,1,1,6,3,6,5
7686,96,1,1,1,6,3,6,6
7687,96,1,1,1,6,3,6,7
7688,96,1,1,1,6,3,6,8
7689,96,1,1,1,6,3,6,9
7690,96,1,1,1,6,3,6,10
7691,96,1,1,1,6,3,6,11
7692,96,1,1,1,6,3,6,12
7693,96,1,1,1,6,3,6,13
7694,96,1,1,1,6,3,6,14
7695,96,1,1,1,6,3,6,15
7696,96,1,1,1,6,3,6,16
7697,96,1,1,1,6,3,6,17
7698,96,1,1,1,6,3,6,18
7699,96,1,1,1,6,3,6,19
7700,96,1,1,1,6,3,6,20
7701,96,1,1,1,6,3,6,21
7702,96,1,1,1,6,3,6,22
7703,96,1,1,1,6,3,6,23
7704,96,1,1,1,6,3,6,24
7705,96,1,1,1,6,4,6,25
7706,96,1,1,1,6,4,6,26
7707,96,1,1,1,6,4,6,27
7708,96,1,1,1,6,4,6,28
7709,96,1,1,1,6,4,6,29
7710,96,1,1,1,6,4,6,30
7711,96,1,1,1,6,4,6,31
7712,96,1,1,1,6,4,6,32
7713,96,1,1,1,6,4,6,33
7714,96,1,1,1,6,4,6,34
7715,96,1,1,1,6,4,6,35
7716,96,1,1,1,6,4,6,36
7717,96,1,1,1,6,4,6,37
7718,96,1,1,1,6,4,6,38
7719,96,1,1,1,6,4,6,39
7720,96,1,1,1,6,3,6,40
7721,96,1,1,1,6,3,6,41
7722,96,1,1,1,6,3,6,42
7723,96,1,1,1,6,3,6,43
7724,96,1,1,1,6,3,6,44
7725,96,1,1,1,6,3,6,45
7726,96,1,1,1,6,3,6,46
7727,96,1,1,1,6,3,6,47
7728,96,1,1,1,6,3,6,48
7729,96,1,1,1,6,3,6,49
7730,96,1,1,1,6,3,6,50
7731,96,1,1,1,6,3,6,51
7732,96,1,1,1,6,3,6,52
7733,96,1,1,1,6,3,6,53
7734,96,1,1,1,6,3,6,54
7735,96,1,1,1,6,3,6,55
7736,96,1,1,1,6,3,6,56
7737,96,1,1,1,6,4,6,57
7738,96,1,1,1,6,3,6,58
7739,96,1,1,1,6,3,6,59
7740,96,1,1,1,7,3,6,60
7741,96,1,1,1,7,3,6,61
7742,96,1,1,1,7,3,6,62
7743,96,1,1,1,7,3,6,63
7744,96,1,1,1,7,3,6,64
7745,96,1,1,1,7,3,6,65
7746,96,1,1,1,7,4,6,66
7747,96,1,1,1,7,4,6,67
7748,96,1,1,1,7,4,6,68
7749,96,1,1,1,7,4,6,69
7750,96,1,1,1,7,4,6,70
7751,96,1,1,1,7,4,6,71
7752,96,1,1,1,7,4,6,72
7753,96,1,1,1,7,4,6,73
7754,96,1,1,1,7,4,6,74
7755,96,1,1,1,7,4,6,75
7756,96,1,1,1,7,4,6,76
7757,96,1,1,1,7,4,6,77
7758,96,1,1,1,7,4,6,78
7759,96,1,1,1,7,4,6,79
7760,97,1,1,1,7,3,6,0
7761,97,1,1,1,7,3,6,1
7762,97,1,1,1,7,3,6,2
7763,97,1,1,1,7,3,6,3
7764,97,1,1,1,7,3,6,4
7765,97,1,1,1,7,3,6,5
7766,97,1,1,1,7,3,6,6
7767,97,1,1,1,7,3,6,7
7768,97,1,1,1,7,3,6,8
7769,97,1,1,1,7,3,6,9
7770,97,1,1,1,7,3,6,10
7771,97,1,1,1,7,3,6,11
7772,97,1,1,1,7,3,6,12
7773,97,1,1,1,7,3,6,13
7774,97,1,1,1,7,3,6,14
7775,97,1,1,1,7,3,6,15
7776,97,1,1,1,7,3,6,16
7777,97,1,1,1,7,3,6,17
7778,97,1,1,1,7,3,6,18
7779,97,1,1,1,7,4,6,19
7780,97,1,1,1,6,3,6,20
7781,97,1,1,1,6,3,6,21
7782,97,1,1,1,6,3,6,22
7783,97,1,1,1,6,3,6,23
7784,97,1,1,1,6,3,6,24
7785,97,1,1,1,6,4,6,25
7786,97,1,1,1,6,4,6,26
7787,97,1,1,1,6,4,6,27
7788,97,1,1,1,6,4,6,28
7789,97,1,1,1,6,4,6,29
7790,97,1,1,1,6,4,6,30
7791,97,1,1,1,6,4,6,31
7792,97,1,1,1,6,4,6,32
7793,97,1,1,1,6,4,6,33
7794,97,1,1,1,6,4,6,34
7795,97,1,1,1,6,4,6,35
7796,97,1,1,1,6,4,6,36
7797,97,1,1,1,6,4,6,37
7798,97,1,1,1,6,4,6,38
7799,97,1,1,1,6,4,6,39
7800,97,1,1,1,6,3,6,40
7801,97,1,1,1,6,3,6,41
7802,97,1,1,1,6,3,6,42
7803,97,1,1,1,6,3,6,43
7804,97,1,1,1,6,3,6,44
7805,97,1,1,1,6,3,6,45
7806,97,1,1,1,6,3,6,46
7807,97,1,1,1,6,3,6,47
7808,97,1,1,1,6,3,6,48
7809,97,1,1,1,6,3,6,49
7810,97,1,1,1,6,3,6,50
7811,97,1,1,1,6,3,6,51
7812,97,1,1,1,6,3,6,52
7813,97,1,1,1,6,3,6,53
7814,97,1,1,1,6,4,6,54
7815,97,1,1,1,6,3,6,55
7816,97,1,1,1,6,4,6,56
7817,97,1,1,1,6,4,6,57
7818,97,1,1,1,6,3,6,58
7819,97,1,1,1,6,4,6,59
7820,97,1,1,1,7,3,6,60
7821,97,1,1,1,7,3,6,61
7822,97,1,1,1,7,3,6,62
7823,97,1,1,1,7,3,6,63
7824,97,1,1,1,7,4,6,64
7825,97,1,1,1,7,4,6,65
7826,97,1,1,1,7,4,6,66
7827,97,1,1,1,7,4,6,67
7828,97,1,1,1,7,4,6,68
7829,97,1,1,1,7,4,6,69
7830,97,1,1,1,7,4,6,70
7831,97,1,1,1,7,4,6,71
7832,97,1,1,1,7,4,6,72
7833,97,1,1,1,7,4,6,73
7834,97,1,1,1,7,4,6,74
7835,97,1,1,1,7,4,6,75
7836,97,1,1,1,7,4,6,76
7837,97,1,1,1,7,4,6,77
7838,97,1,1,1,7,4,6,78
7839,97,1,1,1,7,4,6,79
7840,98,1,1,1,6,3,6,0
7841,98,1,1,1,6,3,6,1
7842,98,1,1,1,6,3,6,2
7843,98,1,1,1,6,3,6,3
7844,98,1,1,1,6,3,6,4
7845,98,1,1,1,6,3,6,5
7846,98,1,1,1,6,3,6,6
7847,98,1,1,1,6,3,6,7
7848,98,1,1,1,6,3,6,8
7849,98,1,1,1,6,3,6,9
7850,98,1,1,1,6,3,6,10
7851,98,1,1,1,6,3,6,11
7852,98,1,1,1,6,3,6,12
7853,98,1,1,1,6,3,6,13
7854,98,1,1,1,6,3,6,14
7855,98,1,1,1,6,3,6,15
7856,98,1,1,1,6,3,6,16
7857,98,1,1,1,6,3,6,17
7858,98,1,1,1,6,3,6,18
7859,98,1,1,1,6,3,6,19
7860,98,1,1,1,6,3,6,20
7861,98,1,1,1,6,3,6,21
7862,98,1,1,1,6,3,6,22
7863,98,1,1,1,6,3,6,23
7864,98,1,1,1,6,3,6,24
7865,98,1,1,1,6,4,6,25
7866,98,1,1,1,6,4,6,26
7867,98,1,1,1,6,4,6,27
7868,98,1,1,1,6,4,6,28
7869,98,1,1,1,6,4,6,29
7870,98,1,1,1,6,4,6,30
7871,98,1,1,1,6,4,6,31
7872,98,1,1,1,6,4,6,32
7873,98,1,1,1,6,4,6,33
7874,98,1,1,1,6,4,6,34
7875,98,1,1,1,6,4,6,35
7876,98,1,1,1,6,4,6,36
7877,98,1,1,1,6,4,6,37
7878,98,1,1,1,6,4,6,38
7879,98,1,1,1,6,4,6,39
7880,98,1,1,1,6,3,6,40
7881,98,1,1,1,6,3,6,41
7882,98,1,1,1,6,3,6,42
7883,98,1,1,1,6,3,6,43
7884,98,1,1,1,6,3,6,44
7885,98,1,1,1,6,3,6,45
7886,98,1,1,1,6,3,6,46
7887,98,1,1,1,6,3,6,47
7888,98,1,1,1,6,3,6,48
7889,98,1,1,1,6,3,6,49
7890,98,1,1,1,6,3,6,50
7891,98,1,1,1,6,3,6,51
7892,98,1,1,1,6,4,6,52
7893,98,1,1,1,6,3,6,53
7894,98,1,1,1,6,4,6,54
7895,98,1,1,1,6,4,6,55
7896,98,1,1,1,6,4,6,56
7897,98,1,1,1,6,4,6,57
7898,98,1,1,1,6,3,6,58
7899,98,1,1,1,6,4,6,59
7900,98,1,1,1,7,3,6,60
7901,98,1,1,1,7,3,6,61
7902,98,1,1,1,7,3,6,62
7903,98,1,1,1,7,3,6,63
7904,98,1,1,1,7,4,6,64
7905,98,1,1,1,7,4,6,65
7906,98,1,1,1,7,4,6,66
7907,98,1,1,1,7,4,6,67
7908,98,1,1,1,7,4,6,68
7909,98,1,1,1,7,4,6,69
7910,98,1,1,1,7,4,6,70
7911,98,1,1,1,7,4,6,71
7912,98,1,1,1,7,4,6,72
7913,98,1,1,1,7,4,6,73
7914,98,1,1,1,7,4,6,74
7915,98,1,1,1,7,4,6,75
7916,98,1,1,1,7,4,6,76
7917,98,1,1,1,7,4,6,77
7918,98,1,1,1,7,4,6,78
7919,98,1,1,1,7,4,6,79
7920,99,1,1,1,6,3,6,0
7921,99,1,1,1,6,3,6,1
7922,99,1,1,1,6,3,6,2
7923,99,1,1,1,6,3,6,3
7924,99,1,1,1,6,3,6,4
7925,99,1,1,1,6,3,6,5
7926,99,1,1,1,6,3,6,6
7927,99,1,1,1,6,3,6,7
7928,99,1,1,1,6,3,6,8
7929,99,1,1,1,6,3,6,9
7930,99,1,1,1,6,3,6,10
7931,99,1,1,1,6,3,6,11
7932,99,1,1,1,6,3,6,12
7933,99,1,1,1,6,3,6,13
7934,99,1,1,1,6,3,6,14
7935,99,1,1,1,6,3,6,15
7936,99,1,1,1,6,3,6,16
7937,99,1,1,1,6,4,6,17
7938,99,1,1,1,6,4,6,18
7939,99,1,1,1,6,4,6,19
7940,99,1,1,1,6,3,6,20
7941,99,1,1,1,6,3,6,21
7942,99,1,1,1,6,3,6,22
7943,99,1,1,1,6,3,6,23
7944,99,1,1,1,6,3,6,24
7945,99,1,1,1,6,4,6,25
7946,99,1,1,1,6,4,6,26
7947,99,1,1,1,6,4,6,27
7948,99,1,1,1,6,4,6,28
7949,99,1,1,1,6,4,6,29
7950,99,1,1,1,6,4,6,30
7951,99,1,1,1,6,4,6,31
7952,99,1,1,1,6,4,6,32
7953,99,1,1,1,6,4,6,33
7954,99,1,1,1,6,4,6,34
7955,99,1,1,1,6,4,6,35
7956,99,1,1,1,6,4,6,36
7957,99,1,1,1,6,4,6,37
7958,99,1,1,1,6,4,6,38
7959,99,1,1,1,6,4,6,39
7960,99,1,1,1,6,2,6,40
7961,99,1,1,1,6,3,6,41
7962,99,1,1,1,6,3,6,42
7963,99,1,1,1,6,3,6,43
7964,99,1,1,1,6,3,6,44
7965,99,1,1,1,6,3,6,45
7966,99,1,1,1,6,3,6,46
7967,99,1,1,1,6,3,6,47
7968,99,1,1,1,6,3,6,48
7969,99,1,1,1,6,3,6,49
7970,99,1,1,1,6,3,6,50
7971,99,1,1,1,6,3,6,51
7972,99,1,1,1,6,3,6,52
7973,99,1,1,1,6,3,6,53
7974,99,1,1,1,6,3,6,54
7975,99,1,1,1,6,3,6,55
7976,99,1,1,1,6,3,6,56
7977,99,1,1,1,6,4,6,57
7978,99,1,1,1,6,3,6,58
7979,99,1,1,1,6,3,6,59
7980,99,1,1,1,7,3,6,60
7981,99,1,1,1,7,3,6,61
7982,99,1,1,1,7,3,6,62
7983,99,1,1,1,7,3,6,63
7984,99,1,1,1,7,3,6,64
7985,99,1,1,1,7,4,6,65
7986,99,1,1,1,7,4,6,66
7987,99,1,1,1,7,4,6,67
7988,99,1,1,1,7,4,6,68
7989,99,1,1,1,7,4,6,69
7990,99,1,1,1,7,4,6,70
7991,99,1,1,1,7,4,6,71
7992,99,1,1,1,7,4,6,72
7993,99,1,1,1,7,4,6,73
7994,99,1,1,1,7,4,6,74
7995,99,1,1,1,7,4,6,75
7996,99,1,1,1,7,4,6,76
7997,99,1,1,1,7,4,6,77
7998,99,1,1,1,7,4,6,78
7999,99,1,1,1,7,4,6,79
